01E,11,40,568122.251333,4314712.70344
01E,21,40,568146.977785,4314691.9316
01E,31,40,568171.619435,4314671.27947
01E,41,40,568196.382306,4314650.50406
01E,51,40,568221.168195,4314629.9227
01E,61,40,568246.085647,4314609.12462

02E,11,40,568085.339756,4314668.78368
02E,21,40,568110.291703,4314648.01763
02E,31,40,568134.939849,4314627.48621
02E,41,40,568159.946528,4314606.8498
02E,51,40,568184.552464,4314586.30771
02E,61,40,568209.487339,4314565.47211

03E,11,40,568070.851328,4314651.55514
03E,21,40,568095.808315,4314630.74317
03E,31,40,568120.431974,4314610.23399
03E,41,40,568145.164341,4314589.31555
03E,51,40,568169.753859,4314568.95233
03E,61,40,568194.661625,4314547.81614

04E,11,40,568036.100287,4314609.55161
04E,21,40,568060.879533,4314588.99844
04E,31,40,568085.613421,4314568.16229
04E,41,40,568110.270738,4314547.38889
04E,51,40,568135.071137,4314526.89444
04E,61,40,568159.945257,4314506.09305

05E,11,40,568021.489495,4314592.24574
05E,21,40,568046.124431,4314571.55346
05E,31,40,568070.598993,4314550.69526
05E,41,40,568095.398433,4314529.84124
05E,51,40,568120.028849,4314509.00096
05E,61,40,568144.747446,4314488.27139



lidar alignment dis_shift:
P090
E01 40 5.06 ; 20  1.97 ; 21 8.22
E02 40 1.266; 20  1.97 ; 21 8.22
E03 40 5.05 ; 20  2.05 ; 21 8.34
E04 40 4.10 ; 20  1.06 ; 21 7.29
E05 40 3.05 ; 20  1.96 ; 21 8.21

P091
E01 40 4.96 ; 20  1.97 ; 21 8.22
E02 40 1.266; 20  1.97 ; 21 8.22
E03 40 5.05 ; 20  2.05 ; 21 8.34
E04 40 4.22 ; 20  1.20 ; 21 7.39
E05 40 4.97 ; 20  1.96 ; 21 8.21

P092
E01 40 5.06 ; 20  1.97 ; 21 8.24
E02 40 1.266; 20  1.97 ; 21 8.22
E03 40 5.05 ; 20  2.05 ; 21 8.34
E04 40 4.01 ; 20  1.06 ; 21 7.29
E05 40 4.95 ; 20  1.96 ; 21 8.21

P093
E01 40 5.06 ; 20  2.02; 21 8.26
E02 40 1.266; 20  1.97 ; 21 8.22
E03 40 5.05 ; 20  2.05 ; 21 8.34
E04 40 4.27 ; 20  1.06 ; 21 7.29
E05 40 2.65 ; 20  1.96 ; 21 8.21



Q100,2,40,567478.822796,4315322.94938
Q100,3,40,567481.62534,4315326.5583
Q100,4,40,567484.522105,4315329.93851
Q100,5,40,567487.455664,4315333.40964
