1,O1A,02,40,567269.652839,4315426.25363,0,0,120,0,0,2,0
1,O1A,04,40,567274.594993,4315422.12106,0,0,120,0,0,2,0
1,O1A,06,40,567279.537147,4315417.98849,0,0,120,0,0,2,0
1,O1A,08,40,567284.479301,4315413.85592,0,0,120,0,0,2,0
1,O1A,12,40,567294.363609,4315405.59078,0,0,120,0,0,2,0
1,O1A,14,40,567299.305763,4315401.45821,0,0,120,0,0,2,0
1,O1A,16,40,567304.247917,4315397.32564,0,0,120,0,0,2,0
1,O1A,18,40,567309.190071,4315393.19307,0,0,120,0,0,2,0
1,O1A,20,40,567314.132225,4315389.0605,0,0,120,0,0,2,0
1,O1A,10,40,567289.421455,4315409.72335,0,0,120,0,0,2,0
1,O1A,22,40,567319.088823,4315384.91586,0,0,120,0,0,2,0
1,O1A,24,40,567324.045426,4315380.7712,0,0,120,0,0,2,0
1,O1A,26,40,567329.00203,4315376.62655,0,0,120,0,0,2,0
1,O1A,28,40,567333.958633,4315372.4819,0,0,120,0,0,2,0
1,O1A,30,40,567338.915237,4315368.33725,0,0,120,0,0,2,0
1,O1A,32,40,567343.865006,4315364.19831,0,0,120,0,0,2,0
1,O1A,34,40,567348.814784,4315360.05937,0,0,120,0,0,2,0
1,O1A,36,40,567353.764561,4315355.92042,0,0,120,0,0,2,0
1,O1A,38,40,567358.714338,4315351.78148,0,0,120,0,0,2,0
1,O1A,40,40,567363.664115,4315347.64253,0,0,120,0,0,2,0
1,O1A,42,40,567368.605112,4315343.51093,0,0,120,0,0,2,0
1,O1A,44,40,567373.546465,4315339.37903,0,0,120,0,0,2,0
1,O1A,46,40,567378.487818,4315335.24713,0,0,120,0,0,2,0
1,O1A,48,40,567383.429171,4315331.11523,0,0,120,0,0,2,0
1,O1A,50,40,567388.370525,4315326.98333,0,0,120,0,0,2,0
1,O1A,52,40,567393.344638,4315322.82404,0,0,120,0,0,2,0
1,O1A,54,40,567398.318843,4315318.66467,0,0,120,0,0,2,0
1,O1A,56,40,567403.293048,4315314.5053,0,0,120,0,0,2,0
1,O1A,58,40,567408.267253,4315310.34593,0,0,120,0,0,2,0
1,O1A,60,40,567413.241458,4315306.18656,0,0,120,0,0,2,0
1,O1A,62,40,567418.215663,4315302.02719,0,0,120,0,0,2,0
1,O1A,64,40,567423.189868,4315297.86782,0,0,120,0,0,2,0
1,O1A,66,40,567428.164073,4315293.70845,0,0,120,0,0,2,0
1,O1A,68,40,567433.138278,4315289.54908,0,0,120,0,0,2,0
1,O1A,03,20,567269.652839,4315426.25363,0,0,120,0,0,2,0
1,O1A,05,20,567274.594993,4315422.12106,0,0,120,0,0,2,0
1,O1A,07,20,567279.537147,4315417.98849,0,0,120,0,0,2,0
1,O1A,09,20,567284.479301,4315413.85592,0,0,120,0,0,2,0
1,O1A,13,20,567294.363609,4315405.59078,0,0,120,0,0,2,0
1,O1A,15,20,567299.305763,4315401.45821,0,0,120,0,0,2,0
1,O1A,17,20,567304.247917,4315397.32564,0,0,120,0,0,2,0
1,O1A,19,20,567309.190071,4315393.19307,0,0,120,0,0,2,0
1,O1A,21,20,567314.132225,4315389.0605,0,0,120,0,0,2,0
1,O1A,11,20,567289.421455,4315409.72335,0,0,120,0,0,2,0
1,O1A,23,20,567319.088823,4315384.91586,0,0,120,0,0,2,0
1,O1A,25,20,567324.045426,4315380.7712,0,0,120,0,0,2,0
1,O1A,27,20,567329.00203,4315376.62655,0,0,120,0,0,2,0
1,O1A,29,20,567333.958633,4315372.4819,0,0,120,0,0,2,0
1,O1A,31,20,567338.915237,4315368.33725,0,0,120,0,0,2,0
1,O1A,33,20,567343.865006,4315364.19831,0,0,120,0,0,2,0
1,O1A,35,20,567348.814784,4315360.05937,0,0,120,0,0,2,0
1,O1A,37,20,567353.764561,4315355.92042,0,0,120,0,0,2,0
1,O1A,39,20,567358.714338,4315351.78148,0,0,120,0,0,2,0
1,O1A,41,20,567363.664115,4315347.64253,0,0,120,0,0,2,0
1,O1A,43,20,567368.605112,4315343.51093,0,0,120,0,0,2,0
1,O1A,45,20,567373.546465,4315339.37903,0,0,120,0,0,2,0
1,O1A,47,20,567378.487818,4315335.24713,0,0,120,0,0,2,0
1,O1A,49,20,567383.429171,4315331.11523,0,0,120,0,0,2,0
1,O1A,51,20,567388.370525,4315326.98333,0,0,120,0,0,2,0
1,O1A,53,20,567393.344638,4315322.82404,0,0,120,0,0,2,0
1,O1A,55,20,567398.318843,4315318.66467,0,0,120,0,0,2,0
1,O1A,57,20,567403.293048,4315314.5053,0,0,120,0,0,2,0
1,O1A,59,20,567408.267253,4315310.34593,0,0,120,0,0,2,0
1,O1A,61,20,567413.241458,4315306.18656,0,0,120,0,0,2,0
1,O1A,63,20,567418.215663,4315302.02719,0,0,120,0,0,2,0
1,O1A,65,20,567423.189868,4315297.86782,0,0,120,0,0,2,0
1,O1A,67,20,567428.164073,4315293.70845,0,0,120,0,0,2,0
1,O1A,69,20,567433.138278,4315289.54908,0,0,120,0,0,2,0
1,O1A,03,21,567273.872315,4315422.72535,0,0,120,0,0,2,0
1,O1A,05,21,567278.81428,4315418.59294,0,0,120,0,0,2,0
1,O1A,07,21,567283.756434,4315414.46037,0,0,120,0,0,2,0
1,O1A,09,21,567288.698588,4315410.3278,0,0,120,0,0,2,0
1,O1A,13,21,567298.582896,4315402.06266,0,0,120,0,0,2,0
1,O1A,15,21,567303.52505,4315397.93009,0,0,120,0,0,2,0
1,O1A,17,21,567308.467205,4315393.79752,0,0,120,0,0,2,0
1,O1A,19,21,567313.409359,4315389.66496,0,0,120,0,0,2,0
1,O1A,21,21,567318.351513,4315385.53239,0,0,120,0,0,2,0
1,O1A,11,21,567293.640742,4315406.19523,0,0,120,0,0,2,0
1,O1A,23,21,567323.30811,4315381.38774,0,0,120,0,0,2,0
1,O1A,25,21,567328.264714,4315377.24309,0,0,120,0,0,2,0
1,O1A,27,21,567333.221317,4315373.09843,0,0,120,0,0,2,0
1,O1A,29,21,567338.177921,4315368.95378,0,0,120,0,0,2,0
1,O1A,31,21,567343.134524,4315364.80913,0,0,120,0,0,2,0
1,O1A,33,21,567348.084294,4315360.67019,0,0,120,0,0,2,0
1,O1A,35,21,567353.034071,4315356.53125,0,0,120,0,0,2,0
1,O1A,37,21,567357.983848,4315352.3923,0,0,120,0,0,2,0
1,O1A,39,21,567362.933626,4315348.25336,0,0,120,0,0,2,0
1,O1A,41,21,567367.883403,4315344.11442,0,0,120,0,0,2,0
1,O1A,43,21,567372.824399,4315339.98281,0,0,120,0,0,2,0
1,O1A,45,21,567377.765752,4315335.85091,0,0,120,0,0,2,0
1,O1A,47,21,567382.707106,4315331.71901,0,0,120,0,0,2,0
1,O1A,49,21,567387.648459,4315327.58711,0,0,120,0,0,2,0
1,O1A,51,21,567392.589812,4315323.45521,0,0,120,0,0,2,0
1,O1A,53,21,567397.563926,4315319.29592,0,0,120,0,0,2,0
1,O1A,55,21,567402.538131,4315315.13655,0,0,120,0,0,2,0
1,O1A,57,21,567407.512336,4315310.97718,0,0,120,0,0,2,0
1,O1A,59,21,567412.48654,4315306.81781,0,0,120,0,0,2,0
1,O1A,61,21,567417.460745,4315302.65844,0,0,120,0,0,2,0
1,O1A,63,21,567422.43495,4315298.49907,0,0,120,0,0,2,0
1,O1A,65,21,567427.409155,4315294.3397,0,0,120,0,0,2,0
1,O1A,67,21,567432.386078,4315290.18374,0,0,120,0,0,2,0
1,O1A,69,21,567437.323244,4315285.98633,0,0,120,0,0,2,0
1,O2A,02,40,567232.477278,4315382.13592,0,0,121,0,0,2,0
1,O2A,04,40,567237.435317,4315377.98562,0,0,121,0,0,2,0
1,O2A,06,40,567242.393357,4315373.83532,0,0,121,0,0,2,0
1,O2A,08,40,567247.351397,4315369.68501,0,0,121,0,0,2,0
1,O2A,12,40,567257.267476,4315361.38441,0,0,121,0,0,2,0
1,O2A,14,40,567262.225516,4315357.23411,0,0,121,0,0,2,0
1,O2A,16,40,567267.183556,4315353.08381,0,0,121,0,0,2,0
1,O2A,18,40,567272.141595,4315348.93351,0,0,121,0,0,2,0
1,O2A,20,40,567277.099635,4315344.78321,0,0,121,0,0,2,0
1,O2A,10,40,567252.309437,4315365.53471,0,0,121,0,0,2,0
1,O2A,22,40,567282.06323,4315340.62825,0,0,121,0,0,2,0
1,O2A,24,40,567287.026869,4315336.47327,0,0,121,0,0,2,0
1,O2A,26,40,567291.990507,4315332.31828,0,0,121,0,0,2,0
1,O2A,28,40,567296.954146,4315328.16329,0,0,121,0,0,2,0
1,O2A,30,40,567301.917784,4315324.0083,0,0,121,0,0,2,0
1,O2A,32,40,567306.85586,4315319.87471,0,0,121,0,0,2,0
1,O2A,34,40,567311.793999,4315315.74107,0,0,121,0,0,2,0
1,O2A,36,40,567316.732139,4315311.60743,0,0,121,0,0,2,0
1,O2A,38,40,567321.670279,4315307.47378,0,0,121,0,0,2,0
1,O2A,40,40,567326.608419,4315303.34014,0,0,121,0,0,2,0
1,O2A,42,40,567331.527095,4315299.22279,0,0,121,0,0,2,0
1,O2A,44,40,567336.445812,4315295.1054,0,0,121,0,0,2,0
1,O2A,46,40,567341.364529,4315290.98802,0,0,121,0,0,2,0
1,O2A,48,40,567346.283246,4315286.87063,0,0,121,0,0,2,0
1,O2A,50,40,567351.201963,4315282.75325,0,0,121,0,0,2,0
1,O2A,52,40,567356.17478,4315278.59058,0,0,121,0,0,2,0
1,O2A,54,40,567361.147686,4315274.42783,0,0,121,0,0,2,0
1,O2A,56,40,567366.120593,4315270.26509,0,0,121,0,0,2,0
1,O2A,58,40,567371.093499,4315266.10234,0,0,121,0,0,2,0
1,O2A,60,40,567376.066405,4315261.93959,0,0,121,0,0,2,0
1,O2A,62,40,567381.039312,4315257.77685,0,0,121,0,0,2,0
1,O2A,64,40,567386.012218,4315253.6141,0,0,121,0,0,2,0
1,O2A,66,40,567390.985124,4315249.45136,0,0,121,0,0,2,0
1,O2A,68,40,567395.958031,4315245.28861,0,0,121,0,0,2,0
1,O2A,03,20,567232.477278,4315382.13592,0,0,121,0,0,2,0
1,O2A,05,20,567237.435317,4315377.98562,0,0,121,0,0,2,0
1,O2A,07,20,567242.393357,4315373.83532,0,0,121,0,0,2,0
1,O2A,09,20,567247.351397,4315369.68501,0,0,121,0,0,2,0
1,O2A,13,20,567257.267476,4315361.38441,0,0,121,0,0,2,0
1,O2A,15,20,567262.225516,4315357.23411,0,0,121,0,0,2,0
1,O2A,17,20,567267.183556,4315353.08381,0,0,121,0,0,2,0
1,O2A,19,20,567272.141595,4315348.93351,0,0,121,0,0,2,0
1,O2A,21,20,567277.099635,4315344.78321,0,0,121,0,0,2,0
1,O2A,11,20,567252.309437,4315365.53471,0,0,121,0,0,2,0
1,O2A,23,20,567282.06323,4315340.62825,0,0,121,0,0,2,0
1,O2A,25,20,567287.026869,4315336.47327,0,0,121,0,0,2,0
1,O2A,27,20,567291.990507,4315332.31828,0,0,121,0,0,2,0
1,O2A,29,20,567296.954146,4315328.16329,0,0,121,0,0,2,0
1,O2A,31,20,567301.917784,4315324.0083,0,0,121,0,0,2,0
1,O2A,33,20,567306.85586,4315319.87471,0,0,121,0,0,2,0
1,O2A,35,20,567311.793999,4315315.74107,0,0,121,0,0,2,0
1,O2A,37,20,567316.732139,4315311.60743,0,0,121,0,0,2,0
1,O2A,39,20,567321.670279,4315307.47378,0,0,121,0,0,2,0
1,O2A,41,20,567326.608419,4315303.34014,0,0,121,0,0,2,0
1,O2A,43,20,567331.527095,4315299.22279,0,0,121,0,0,2,0
1,O2A,45,20,567336.445812,4315295.1054,0,0,121,0,0,2,0
1,O2A,47,20,567341.364529,4315290.98802,0,0,121,0,0,2,0
1,O2A,49,20,567346.283246,4315286.87063,0,0,121,0,0,2,0
1,O2A,51,20,567351.201963,4315282.75325,0,0,121,0,0,2,0
1,O2A,53,20,567356.17478,4315278.59058,0,0,121,0,0,2,0
1,O2A,55,20,567361.147686,4315274.42783,0,0,121,0,0,2,0
1,O2A,57,20,567366.120593,4315270.26509,0,0,121,0,0,2,0
1,O2A,59,20,567371.093499,4315266.10234,0,0,121,0,0,2,0
1,O2A,61,20,567376.066405,4315261.93959,0,0,121,0,0,2,0
1,O2A,63,20,567381.039312,4315257.77685,0,0,121,0,0,2,0
1,O2A,65,20,567386.012218,4315253.6141,0,0,121,0,0,2,0
1,O2A,67,20,567390.985124,4315249.45136,0,0,121,0,0,2,0
1,O2A,69,20,567395.958031,4315245.28861,0,0,121,0,0,2,0
1,O2A,03,21,567236.694274,4315378.60593,0,0,121,0,0,2,0
1,O2A,05,21,567241.652742,4315374.45527,0,0,121,0,0,2,0
1,O2A,07,21,567246.610782,4315370.30497,0,0,121,0,0,2,0
1,O2A,09,21,567251.568822,4315366.15467,0,0,121,0,0,2,0
1,O2A,13,21,567261.484901,4315357.85407,0,0,121,0,0,2,0
1,O2A,15,21,567266.442941,4315353.70377,0,0,121,0,0,2,0
1,O2A,17,21,567271.40098,4315349.55347,0,0,121,0,0,2,0
1,O2A,19,21,567276.35902,4315345.40316,0,0,121,0,0,2,0
1,O2A,21,21,567281.31706,4315341.25286,0,0,121,0,0,2,0
1,O2A,11,21,567256.526861,4315362.00437,0,0,121,0,0,2,0
1,O2A,23,21,567286.280655,4315337.09791,0,0,121,0,0,2,0
1,O2A,25,21,567291.244294,4315332.94292,0,0,121,0,0,2,0
1,O2A,27,21,567296.207932,4315328.78793,0,0,121,0,0,2,0
1,O2A,29,21,567301.171571,4315324.63295,0,0,121,0,0,2,0
1,O2A,31,21,567306.135209,4315320.47796,0,0,121,0,0,2,0
1,O2A,33,21,567311.073285,4315316.34437,0,0,121,0,0,2,0
1,O2A,35,21,567316.011424,4315312.21073,0,0,121,0,0,2,0
1,O2A,37,21,567320.949564,4315308.07708,0,0,121,0,0,2,0
1,O2A,39,21,567325.887704,4315303.94344,0,0,121,0,0,2,0
1,O2A,41,21,567330.825844,4315299.8098,0,0,121,0,0,2,0
1,O2A,43,21,567335.74452,4315295.69244,0,0,121,0,0,2,0
1,O2A,45,21,567340.663237,4315291.57506,0,0,121,0,0,2,0
1,O2A,47,21,567345.581954,4315287.45768,0,0,121,0,0,2,0
1,O2A,49,21,567350.500671,4315283.34029,0,0,121,0,0,2,0
1,O2A,51,21,567355.419388,4315279.22291,0,0,121,0,0,2,0
1,O2A,53,21,567360.392205,4315275.06023,0,0,121,0,0,2,0
1,O2A,55,21,567365.365111,4315270.89749,0,0,121,0,0,2,0
1,O2A,57,21,567370.338017,4315266.73474,0,0,121,0,0,2,0
1,O2A,59,21,567375.310924,4315262.572,0,0,121,0,0,2,0
1,O2A,61,21,567380.28383,4315258.40925,0,0,121,0,0,2,0
1,O2A,63,21,567385.256737,4315254.2465,0,0,121,0,0,2,0
1,O2A,65,21,567390.229643,4315250.08376,0,0,121,0,0,2,0
1,O2A,67,21,567395.202549,4315245.92101,0,0,121,0,0,2,0
1,O2A,69,21,567400.768831,4315242.6347,0,0,121,0,0,2,0
1,O3A,02,40,567218.148776,4315364.89096,0,0,122,0,0,2,0
1,O3A,04,40,567223.09652,4315360.74968,0,0,122,0,0,2,0
1,O3A,06,40,567228.044265,4315356.6084,0,0,122,0,0,2,0
1,O3A,08,40,567232.992009,4315352.46712,0,0,122,0,0,2,0
1,O3A,12,40,567242.887498,4315344.18457,0,0,122,0,0,2,0
1,O3A,14,40,567247.835242,4315340.04329,0,0,122,0,0,2,0
1,O3A,16,40,567252.782987,4315335.90201,0,0,122,0,0,2,0
1,O3A,18,40,567257.730731,4315331.76073,0,0,122,0,0,2,0
1,O3A,20,40,567262.678476,4315327.61946,0,0,122,0,0,2,0
1,O3A,10,40,567237.939753,4315348.32585,0,0,122,0,0,2,0
1,O3A,22,40,567267.631146,4315323.47405,0,0,122,0,0,2,0
1,O3A,24,40,567272.584514,4315319.32807,0,0,122,0,0,2,0
1,O3A,26,40,567277.537883,4315315.18208,0,0,122,0,0,2,0
1,O3A,28,40,567282.491251,4315311.0361,0,0,122,0,0,2,0
1,O3A,30,40,567287.444619,4315306.89011,0,0,122,0,0,2,0
1,O3A,32,40,567292.400431,4315302.74208,0,0,122,0,0,2,0
1,O3A,34,40,567297.356368,4315298.59395,0,0,122,0,0,2,0
1,O3A,36,40,567302.312305,4315294.44581,0,0,122,0,0,2,0
1,O3A,38,40,567307.268243,4315290.29767,0,0,122,0,0,2,0
1,O3A,40,40,567312.22418,4315286.14954,0,0,122,0,0,2,0
1,O3A,42,40,567317.202259,4315281.98287,0,0,122,0,0,2,0
1,O3A,44,40,567322.18034,4315277.8162,0,0,122,0,0,2,0
1,O3A,46,40,567327.15842,4315273.64953,0,0,122,0,0,2,0
1,O3A,48,40,567332.1365,4315269.48286,0,0,122,0,0,2,0
1,O3A,50,40,567337.11458,4315265.31619,0,0,122,0,0,2,0
1,O3A,52,40,567342.038894,4315261.19453,0,0,122,0,0,2,0
1,O3A,54,40,567346.963502,4315257.07261,0,0,122,0,0,2,0
1,O3A,56,40,567351.88811,4315252.9507,0,0,122,0,0,2,0
1,O3A,58,40,567356.812718,4315248.82879,0,0,122,0,0,2,0
1,O3A,60,40,567361.737325,4315244.70687,0,0,122,0,0,2,0
1,O3A,62,40,567366.661933,4315240.58496,0,0,122,0,0,2,0
1,O3A,64,40,567371.586541,4315236.46305,0,0,122,0,0,2,0
1,O3A,66,40,567376.511149,4315232.34114,0,0,122,0,0,2,0
1,O3A,68,40,567381.435756,4315228.21922,0,0,122,0,0,2,0
1,O3A,03,20,567218.148776,4315364.89096,0,0,122,0,0,2,0
1,O3A,05,20,567223.09652,4315360.74968,0,0,122,0,0,2,0
1,O3A,07,20,567228.044265,4315356.6084,0,0,122,0,0,2,0
1,O3A,09,20,567232.992009,4315352.46712,0,0,122,0,0,2,0
1,O3A,13,20,567242.887498,4315344.18457,0,0,122,0,0,2,0
1,O3A,15,20,567247.835242,4315340.04329,0,0,122,0,0,2,0
1,O3A,17,20,567252.782987,4315335.90201,0,0,122,0,0,2,0
1,O3A,19,20,567257.730731,4315331.76073,0,0,122,0,0,2,0
1,O3A,21,20,567262.678476,4315327.61946,0,0,122,0,0,2,0
1,O3A,11,20,567237.939753,4315348.32585,0,0,122,0,0,2,0
1,O3A,23,20,567267.631146,4315323.47405,0,0,122,0,0,2,0
1,O3A,25,20,567272.584514,4315319.32807,0,0,122,0,0,2,0
1,O3A,27,20,567277.537883,4315315.18208,0,0,122,0,0,2,0
1,O3A,29,20,567282.491251,4315311.0361,0,0,122,0,0,2,0
1,O3A,31,20,567287.444619,4315306.89011,0,0,122,0,0,2,0
1,O3A,33,20,567292.400431,4315302.74208,0,0,122,0,0,2,0
1,O3A,35,20,567297.356368,4315298.59395,0,0,122,0,0,2,0
1,O3A,37,20,567302.312305,4315294.44581,0,0,122,0,0,2,0
1,O3A,39,20,567307.268243,4315290.29767,0,0,122,0,0,2,0
1,O3A,41,20,567312.22418,4315286.14954,0,0,122,0,0,2,0
1,O3A,43,20,567317.202259,4315281.98287,0,0,122,0,0,2,0
1,O3A,45,20,567322.18034,4315277.8162,0,0,122,0,0,2,0
1,O3A,47,20,567327.15842,4315273.64953,0,0,122,0,0,2,0
1,O3A,49,20,567332.1365,4315269.48286,0,0,122,0,0,2,0
1,O3A,51,20,567337.11458,4315265.31619,0,0,122,0,0,2,0
1,O3A,53,20,567342.038894,4315261.19453,0,0,122,0,0,2,0
1,O3A,55,20,567346.963502,4315257.07261,0,0,122,0,0,2,0
1,O3A,57,20,567351.88811,4315252.9507,0,0,122,0,0,2,0
1,O3A,59,20,567356.812718,4315248.82879,0,0,122,0,0,2,0
1,O3A,61,20,567361.737325,4315244.70687,0,0,122,0,0,2,0
1,O3A,63,20,567366.661933,4315240.58496,0,0,122,0,0,2,0
1,O3A,65,20,567371.586541,4315236.46305,0,0,122,0,0,2,0
1,O3A,67,20,567376.511149,4315232.34114,0,0,122,0,0,2,0
1,O3A,69,20,567381.435756,4315228.21922,0,0,122,0,0,2,0
1,O3A,03,21,567222.366313,4315361.36087,0,0,122,0,0,2,0
1,O3A,05,21,567227.314115,4315357.21954,0,0,122,0,0,2,0
1,O3A,07,21,567232.261859,4315353.07826,0,0,122,0,0,2,0
1,O3A,09,21,567237.209604,4315348.93698,0,0,122,0,0,2,0
1,O3A,13,21,567247.105093,4315340.65443,0,0,122,0,0,2,0
1,O3A,15,21,567252.052837,4315336.51315,0,0,122,0,0,2,0
1,O3A,17,21,567257.000582,4315332.37187,0,0,122,0,0,2,0
1,O3A,19,21,567261.948326,4315328.23059,0,0,122,0,0,2,0
1,O3A,21,21,567266.896071,4315324.08931,0,0,122,0,0,2,0
1,O3A,11,21,567242.157348,4315344.79571,0,0,122,0,0,2,0
1,O3A,23,21,567271.848741,4315319.94391,0,0,122,0,0,2,0
1,O3A,25,21,567276.802109,4315315.79793,0,0,122,0,0,2,0
1,O3A,27,21,567281.755478,4315311.65194,0,0,122,0,0,2,0
1,O3A,29,21,567286.708846,4315307.50596,0,0,122,0,0,2,0
1,O3A,31,21,567291.662214,4315303.35997,0,0,122,0,0,2,0
1,O3A,33,21,567296.618026,4315299.21194,0,0,122,0,0,2,0
1,O3A,35,21,567301.573963,4315295.06381,0,0,122,0,0,2,0
1,O3A,37,21,567306.5299,4315290.91567,0,0,122,0,0,2,0
1,O3A,39,21,567311.485838,4315286.76753,0,0,122,0,0,2,0
1,O3A,41,21,567316.441775,4315282.6194,0,0,122,0,0,2,0
1,O3A,43,21,567321.419854,4315278.45273,0,0,122,0,0,2,0
1,O3A,45,21,567326.397934,4315274.28606,0,0,122,0,0,2,0
1,O3A,47,21,567331.376015,4315270.11939,0,0,122,0,0,2,0
1,O3A,49,21,567336.354095,4315265.95272,0,0,122,0,0,2,0
1,O3A,51,21,567341.332175,4315261.78605,0,0,122,0,0,2,0
1,O3A,53,21,567346.256489,4315257.66439,0,0,122,0,0,2,0
1,O3A,55,21,567351.181097,4315253.54247,0,0,122,0,0,2,0
1,O3A,57,21,567356.105705,4315249.42056,0,0,122,0,0,2,0
1,O3A,59,21,567361.030312,4315245.29865,0,0,122,0,0,2,0
1,O3A,61,21,567365.95492,4315241.17673,0,0,122,0,0,2,0
1,O3A,63,21,567370.879528,4315237.05482,0,0,122,0,0,2,0
1,O3A,65,21,567375.804136,4315232.93291,0,0,122,0,0,2,0
1,O3A,67,21,567380.728744,4315228.811,0,0,122,0,0,2,0
1,O3A,69,21,567385.656639,4315224.69302,0,0,122,0,0,2,0
1,O4A,08,40,567197.845003,4315310.55225,0,0,123,0,0,2,0
1,O4A,12,40,567207.764893,4315302.26222,0,0,123,0,0,2,0
1,O4A,14,40,567212.724838,4315298.1172,0,0,123,0,0,2,0
1,O4A,16,40,567217.684783,4315293.97219,0,0,123,0,0,2,0
1,O4A,18,40,567222.644727,4315289.82717,0,0,123,0,0,2,0
1,O4A,20,40,567227.604672,4315285.68216,0,0,123,0,0,2,0
1,O4A,10,40,567202.804948,4315306.40723,0,0,123,0,0,2,0
1,O4A,22,40,567232.572325,4315281.5307,0,0,123,0,0,2,0
1,O4A,24,40,567237.540844,4315277.37852,0,0,123,0,0,2,0
1,O4A,26,40,567242.509363,4315273.22634,0,0,123,0,0,2,0
1,O4A,28,40,567247.477882,4315269.07416,0,0,123,0,0,2,0
1,O4A,30,40,567252.446401,4315264.92198,0,0,123,0,0,2,0
1,O4A,32,40,567257.407696,4315260.77583,0,0,123,0,0,2,0
1,O4A,34,40,567262.369072,4315256.62962,0,0,123,0,0,2,0
1,O4A,36,40,567267.330447,4315252.48341,0,0,123,0,0,2,0
1,O4A,38,40,567272.291823,4315248.3372,0,0,123,0,0,2,0
1,O4A,40,40,567277.253198,4315244.19099,0,0,123,0,0,2,0
1,O4A,42,40,567282.149827,4315240.09889,0,0,123,0,0,2,0
1,O4A,44,40,567287.049453,4315236.00428,0,0,123,0,0,2,0
1,O4A,46,40,567291.949079,4315231.90968,0,0,123,0,0,2,0
1,O4A,48,40,567296.848704,4315227.81507,0,0,123,0,0,2,0
1,O4A,50,40,567301.74833,4315223.72046,0,0,123,0,0,2,0
1,O4A,52,40,567306.72386,4315219.56242,0,0,123,0,0,2,0
1,O4A,54,40,567311.699701,4315215.40413,0,0,123,0,0,2,0
1,O4A,56,40,567316.675541,4315211.24583,0,0,123,0,0,2,0
1,O4A,58,40,567321.651381,4315207.08753,0,0,123,0,0,2,0
1,O4A,60,40,567326.627222,4315202.92923,0,0,123,0,0,2,0
1,O4A,62,40,567331.603062,4315198.77093,0,0,123,0,0,2,0
1,O4A,64,40,567336.578903,4315194.61263,0,0,123,0,0,2,0
1,O4A,66,40,567341.554743,4315190.45433,0,0,123,0,0,2,0
1,O4A,68,40,567346.530583,4315186.29603,0,0,123,0,0,2,0
1,O4A,09,20,567197.845003,4315310.55225,0,0,123,0,0,2,0
1,O4A,13,20,567207.764893,4315302.26222,0,0,123,0,0,2,0
1,O4A,15,20,567212.724838,4315298.1172,0,0,123,0,0,2,0
1,O4A,17,20,567217.684783,4315293.97219,0,0,123,0,0,2,0
1,O4A,19,20,567222.644727,4315289.82717,0,0,123,0,0,2,0
1,O4A,21,20,567227.604672,4315285.68216,0,0,123,0,0,2,0
1,O4A,11,20,567202.804948,4315306.40723,0,0,123,0,0,2,0
1,O4A,23,20,567232.572325,4315281.5307,0,0,123,0,0,2,0
1,O4A,25,20,567237.540844,4315277.37852,0,0,123,0,0,2,0
1,O4A,27,20,567242.509363,4315273.22634,0,0,123,0,0,2,0
1,O4A,29,20,567247.477882,4315269.07416,0,0,123,0,0,2,0
1,O4A,31,20,567252.446401,4315264.92198,0,0,123,0,0,2,0
1,O4A,33,20,567257.407696,4315260.77583,0,0,123,0,0,2,0
1,O4A,35,20,567262.369072,4315256.62962,0,0,123,0,0,2,0
1,O4A,37,20,567267.330447,4315252.48341,0,0,123,0,0,2,0
1,O4A,39,20,567272.291823,4315248.3372,0,0,123,0,0,2,0
1,O4A,41,20,567277.253198,4315244.19099,0,0,123,0,0,2,0
1,O4A,43,20,567282.149827,4315240.09889,0,0,123,0,0,2,0
1,O4A,45,20,567287.049453,4315236.00428,0,0,123,0,0,2,0
1,O4A,47,20,567291.949079,4315231.90968,0,0,123,0,0,2,0
1,O4A,49,20,567296.848704,4315227.81507,0,0,123,0,0,2,0
1,O4A,51,20,567301.74833,4315223.72046,0,0,123,0,0,2,0
1,O4A,53,20,567306.72386,4315219.56242,0,0,123,0,0,2,0
1,O4A,55,20,567311.699701,4315215.40413,0,0,123,0,0,2,0
1,O4A,57,20,567316.675541,4315211.24583,0,0,123,0,0,2,0
1,O4A,59,20,567321.651381,4315207.08753,0,0,123,0,0,2,0
1,O4A,61,20,567326.627222,4315202.92923,0,0,123,0,0,2,0
1,O4A,63,20,567331.603062,4315198.77093,0,0,123,0,0,2,0
1,O4A,65,20,567336.578903,4315194.61263,0,0,123,0,0,2,0
1,O4A,67,20,567341.554743,4315190.45433,0,0,123,0,0,2,0
1,O4A,69,20,567346.530583,4315186.29603,0,0,123,0,0,2,0
1,O4A,09,21,567202.065309,4315307.02535,0,0,123,0,0,2,0
1,O4A,13,21,567211.985198,4315298.73532,0,0,123,0,0,2,0
1,O4A,15,21,567216.945143,4315294.5903,0,0,123,0,0,2,0
1,O4A,17,21,567221.905088,4315290.44529,0,0,123,0,0,2,0
1,O4A,19,21,567226.865033,4315286.30027,0,0,123,0,0,2,0
1,O4A,21,21,567231.824977,4315282.15526,0,0,123,0,0,2,0
1,O4A,11,21,567207.025253,4315302.88033,0,0,123,0,0,2,0
1,O4A,23,21,567236.792631,4315278.0038,0,0,123,0,0,2,0
1,O4A,25,21,567241.76115,4315273.85162,0,0,123,0,0,2,0
1,O4A,27,21,567246.729669,4315269.69944,0,0,123,0,0,2,0
1,O4A,29,21,567251.698188,4315265.54726,0,0,123,0,0,2,0
1,O4A,31,21,567256.666707,4315261.39508,0,0,123,0,0,2,0
1,O4A,33,21,567261.628001,4315257.24893,0,0,123,0,0,2,0
1,O4A,35,21,567266.589377,4315253.10272,0,0,123,0,0,2,0
1,O4A,37,21,567271.550753,4315248.95651,0,0,123,0,0,2,0
1,O4A,39,21,567276.512128,4315244.8103,0,0,123,0,0,2,0
1,O4A,41,21,567281.473504,4315240.66409,0,0,123,0,0,2,0
1,O4A,43,21,567286.370132,4315236.57199,0,0,123,0,0,2,0
1,O4A,45,21,567291.269758,4315232.47738,0,0,123,0,0,2,0
1,O4A,47,21,567296.169384,4315228.38278,0,0,123,0,0,2,0
1,O4A,49,21,567301.06901,4315224.28817,0,0,123,0,0,2,0
1,O4A,51,21,567305.968636,4315220.19356,0,0,123,0,0,2,0
1,O4A,53,21,567310.944165,4315216.03552,0,0,123,0,0,2,0
1,O4A,55,21,567315.920006,4315211.87723,0,0,123,0,0,2,0
1,O4A,57,21,567320.895846,4315207.71893,0,0,123,0,0,2,0
1,O4A,59,21,567325.871687,4315203.56063,0,0,123,0,0,2,0
1,O4A,61,21,567330.847527,4315199.40233,0,0,123,0,0,2,0
1,O4A,63,21,567335.823368,4315195.24403,0,0,123,0,0,2,0
1,O4A,65,21,567340.799208,4315191.08573,0,0,123,0,0,2,0
1,O4A,67,21,567345.775048,4315186.92743,0,0,123,0,0,2,0
1,O4A,69,21,567350.992188,4315183.10383,0,0,123,0,0,2,0
1,O5A,14,40,567198.395922,4315281.18524,0,0,124,0,0,2,0
1,O5A,16,40,567203.362929,4315277.02976,0,0,124,0,0,2,0
1,O5A,18,40,567208.329935,4315272.87429,0,0,124,0,0,2,0
1,O5A,22,40,567218.263949,4315264.56335,0,0,124,0,0,2,0
1,O5A,24,40,567223.230955,4315260.40788,0,0,124,0,0,2,0
1,O5A,26,40,567228.197962,4315256.25241,0,0,124,0,0,2,0
1,O5A,28,40,567233.164968,4315252.09693,0,0,124,0,0,2,0
1,O5A,30,40,567238.131975,4315247.94146,0,0,124,0,0,2,0
1,O5A,20,40,567213.296942,4315268.71882,0,0,124,0,0,2,0
1,O5A,32,40,567243.068983,4315243.81109,0,0,124,0,0,2,0
1,O5A,34,40,567248.006091,4315239.68063,0,0,124,0,0,2,0
1,O5A,36,40,567252.9432,4315235.55017,0,0,124,0,0,2,0
1,O5A,38,40,567257.880308,4315231.41972,0,0,124,0,0,2,0
1,O5A,40,40,567262.817416,4315227.28926,0,0,124,0,0,2,0
1,O5A,42,40,567267.802929,4315223.1183,0,0,124,0,0,2,0
1,O5A,44,40,567272.788663,4315218.94716,0,0,124,0,0,2,0
1,O5A,46,40,567277.774397,4315214.77602,0,0,124,0,0,2,0
1,O5A,48,40,567282.760131,4315210.60489,0,0,124,0,0,2,0
1,O5A,50,40,567287.745865,4315206.43375,0,0,124,0,0,2,0
1,O5A,52,40,567292.641795,4315202.33774,0,0,124,0,0,2,0
1,O5A,54,40,567297.537734,4315198.24172,0,0,124,0,0,2,0
1,O5A,56,40,567302.433673,4315194.14571,0,0,124,0,0,2,0
1,O5A,58,40,567307.329612,4315190.04969,0,0,124,0,0,2,0
1,O5A,60,40,567312.225551,4315185.95368,0,0,124,0,0,2,0
1,O5A,62,40,567317.12149,4315181.85766,0,0,124,0,0,2,0
1,O5A,64,40,567322.017429,4315177.76165,0,0,124,0,0,2,0
1,O5A,66,40,567326.913368,4315173.66563,0,0,124,0,0,2,0
1,O5A,68,40,567331.809307,4315169.56962,0,0,124,0,0,2,0
1,O5A,15,20,567198.395922,4315281.18524,0,0,124,0,0,2,0
1,O5A,17,20,567203.362929,4315277.02976,0,0,124,0,0,2,0
1,O5A,19,20,567208.329935,4315272.87429,0,0,124,0,0,2,0
1,O5A,23,20,567218.263949,4315264.56335,0,0,124,0,0,2,0
1,O5A,25,20,567223.230955,4315260.40788,0,0,124,0,0,2,0
1,O5A,27,20,567228.197962,4315256.25241,0,0,124,0,0,2,0
1,O5A,29,20,567233.164968,4315252.09693,0,0,124,0,0,2,0
1,O5A,31,20,567238.131975,4315247.94146,0,0,124,0,0,2,0
1,O5A,21,20,567213.296942,4315268.71882,0,0,124,0,0,2,0
1,O5A,33,20,567243.068983,4315243.81109,0,0,124,0,0,2,0
1,O5A,35,20,567248.006091,4315239.68063,0,0,124,0,0,2,0
1,O5A,37,20,567252.9432,4315235.55017,0,0,124,0,0,2,0
1,O5A,39,20,567257.880308,4315231.41972,0,0,124,0,0,2,0
1,O5A,41,20,567262.817416,4315227.28926,0,0,124,0,0,2,0
1,O5A,43,20,567267.802929,4315223.1183,0,0,124,0,0,2,0
1,O5A,45,20,567272.788663,4315218.94716,0,0,124,0,0,2,0
1,O5A,47,20,567277.774397,4315214.77602,0,0,124,0,0,2,0
1,O5A,49,20,567282.760131,4315210.60489,0,0,124,0,0,2,0
1,O5A,51,20,567287.745865,4315206.43375,0,0,124,0,0,2,0
1,O5A,53,20,567292.641795,4315202.33774,0,0,124,0,0,2,0
1,O5A,55,20,567297.537734,4315198.24172,0,0,124,0,0,2,0
1,O5A,57,20,567302.433673,4315194.14571,0,0,124,0,0,2,0
1,O5A,59,20,567307.329612,4315190.04969,0,0,124,0,0,2,0
1,O5A,61,20,567312.225551,4315185.95368,0,0,124,0,0,2,0
1,O5A,63,20,567317.12149,4315181.85766,0,0,124,0,0,2,0
1,O5A,65,20,567322.017429,4315177.76165,0,0,124,0,0,2,0
1,O5A,67,20,567326.913368,4315173.66563,0,0,124,0,0,2,0
1,O5A,69,20,567331.809307,4315169.56962,0,0,124,0,0,2,0
1,O5A,15,21,567202.614323,4315277.65606,0,0,124,0,0,2,0
1,O5A,17,21,567207.58133,4315273.50059,0,0,124,0,0,2,0
1,O5A,19,21,567212.548336,4315269.34512,0,0,124,0,0,2,0
1,O5A,23,21,567222.48235,4315261.03417,0,0,124,0,0,2,0
1,O5A,25,21,567227.449356,4315256.8787,0,0,124,0,0,2,0
1,O5A,27,21,567232.416363,4315252.72323,0,0,124,0,0,2,0
1,O5A,29,21,567237.38337,4315248.56776,0,0,124,0,0,2,0
1,O5A,31,21,567242.350376,4315244.41229,0,0,124,0,0,2,0
1,O5A,21,21,567217.515343,4315265.18964,0,0,124,0,0,2,0
1,O5A,33,21,567247.287384,4315240.28191,0,0,124,0,0,2,0
1,O5A,35,21,567252.224493,4315236.15145,0,0,124,0,0,2,0
1,O5A,37,21,567257.161601,4315232.021,0,0,124,0,0,2,0
1,O5A,39,21,567262.098709,4315227.89054,0,0,124,0,0,2,0
1,O5A,41,21,567267.035817,4315223.76008,0,0,124,0,0,2,0
1,O5A,43,21,567272.021331,4315219.58913,0,0,124,0,0,2,0
1,O5A,45,21,567277.007064,4315215.41799,0,0,124,0,0,2,0
1,O5A,47,21,567281.992798,4315211.24685,0,0,124,0,0,2,0
1,O5A,49,21,567286.978532,4315207.07571,0,0,124,0,0,2,0
1,O5A,51,21,567291.964266,4315202.90457,0,0,124,0,0,2,0
1,O5A,53,21,567296.860196,4315198.80856,0,0,124,0,0,2,0
1,O5A,55,21,567301.756135,4315194.71255,0,0,124,0,0,2,0
1,O5A,57,21,567306.652074,4315190.61653,0,0,124,0,0,2,0
1,O5A,59,21,567311.548013,4315186.52052,0,0,124,0,0,2,0
1,O5A,61,21,567316.443952,4315182.4245,0,0,124,0,0,2,0
1,O5A,63,21,567321.339891,4315178.32849,0,0,124,0,0,2,0
1,O5A,65,21,567326.23583,4315174.23247,0,0,124,0,0,2,0
1,O5A,67,21,567331.131769,4315170.13645,0,0,124,0,0,2,0
1,O5A,69,21,567336.161275,4315166.22149,0,0,124,0,0,2,0
1,O1C,02,40,567648.76712,4315108.82291,0,0,110,0,0,2,0
1,O1C,04,40,567653.716999,4315104.68113,0,0,110,0,0,2,0
1,O1C,06,40,567658.666879,4315100.53935,0,0,110,0,0,2,0
1,O1C,08,40,567663.616758,4315096.39757,0,0,110,0,0,2,0
1,O1C,12,40,567673.516516,4315088.11402,0,0,110,0,0,2,0
1,O1C,14,40,567678.466395,4315083.97224,0,0,110,0,0,2,0
1,O1C,16,40,567683.416274,4315079.83046,0,0,110,0,0,2,0
1,O1C,18,40,567688.366153,4315075.68868,0,0,110,0,0,2,0
1,O1C,20,40,567693.316032,4315071.54691,0,0,110,0,0,2,0
1,O1C,10,40,567668.566637,4315092.2558,0,0,110,0,0,2,0
1,O1C,22,40,567698.253913,4315067.41517,0,0,110,0,0,2,0
1,O1C,24,40,567703.191797,4315063.28343,0,0,110,0,0,2,0
1,O1C,26,40,567708.129681,4315059.15169,0,0,110,0,0,2,0
1,O1C,28,40,567713.067564,4315055.01995,0,0,110,0,0,2,0
1,O1C,30,40,567718.005448,4315050.8882,0,0,110,0,0,2,0
1,O1C,32,40,567722.97034,4315046.73386,0,0,110,0,0,2,0
1,O1C,34,40,567727.935393,4315042.57939,0,0,110,0,0,2,0
1,O1C,36,40,567732.900446,4315038.42492,0,0,110,0,0,2,0
1,O1C,38,40,567737.865499,4315034.27044,0,0,110,0,0,2,0
1,O1C,40,40,567742.830552,4315030.11597,0,0,110,0,0,2,0
1,O1C,42,40,567747.775208,4315025.97856,0,0,110,0,0,2,0
1,O1C,44,40,567752.719952,4315021.84108,0,0,110,0,0,2,0
1,O1C,46,40,567757.664695,4315017.7036,0,0,110,0,0,2,0
1,O1C,48,40,567762.609438,4315013.56612,0,0,110,0,0,2,0
1,O1C,50,40,567767.554181,4315009.42864,0,0,110,0,0,2,0
1,O1C,52,40,567772.526244,4315005.2683,0,0,110,0,0,2,0
1,O1C,54,40,567777.498595,4315001.10771,0,0,110,0,0,2,0
1,O1C,56,40,567782.470947,4314996.94713,0,0,110,0,0,2,0
1,O1C,58,40,567787.443299,4314992.78655,0,0,110,0,0,2,0
1,O1C,60,40,567792.415651,4314988.62597,0,0,110,0,0,2,0
1,O1C,62,40,567797.338235,4314984.50703,0,0,110,0,0,2,0
1,O1C,64,40,567802.260968,4314980.38797,0,0,110,0,0,2,0
1,O1C,66,40,567807.183702,4314976.2689,0,0,110,0,0,2,0
1,O1C,68,40,567812.106435,4314972.14984,0,0,110,0,0,2,0
1,O1C,70,40,567817.029168,4314968.03077,0,0,110,0,0,2,0
1,O1C,72,40,567821.995421,4314963.87529,0,0,110,0,0,2,0
1,O1C,74,40,567826.961678,4314959.71981,0,0,110,0,0,2,0
1,O1C,76,40,567831.927935,4314955.56433,0,0,110,0,0,2,0
1,O1C,78,40,567836.894192,4314951.40885,0,0,110,0,0,2,0
1,O1C,80,40,567841.860449,4314947.25337,0,0,110,0,0,2,0
1,O1C,82,40,567846.826706,4314943.09788,0,0,110,0,0,2,0
1,O1C,03,20,567648.76712,4315108.82291,0,0,110,0,0,2,0
1,O1C,05,20,567653.716999,4315104.68113,0,0,110,0,0,2,0
1,O1C,07,20,567658.666879,4315100.53935,0,0,110,0,0,2,0
1,O1C,09,20,567663.616758,4315096.39757,0,0,110,0,0,2,0
1,O1C,13,20,567673.516516,4315088.11402,0,0,110,0,0,2,0
1,O1C,15,20,567678.466395,4315083.97224,0,0,110,0,0,2,0
1,O1C,17,20,567683.416274,4315079.83046,0,0,110,0,0,2,0
1,O1C,19,20,567688.366153,4315075.68868,0,0,110,0,0,2,0
1,O1C,21,20,567693.316032,4315071.54691,0,0,110,0,0,2,0
1,O1C,11,20,567668.566637,4315092.2558,0,0,110,0,0,2,0
1,O1C,23,20,567698.253913,4315067.41517,0,0,110,0,0,2,0
1,O1C,25,20,567703.191797,4315063.28343,0,0,110,0,0,2,0
1,O1C,27,20,567708.129681,4315059.15169,0,0,110,0,0,2,0
1,O1C,29,20,567713.067564,4315055.01995,0,0,110,0,0,2,0
1,O1C,31,20,567718.005448,4315050.8882,0,0,110,0,0,2,0
1,O1C,33,20,567722.97034,4315046.73386,0,0,110,0,0,2,0
1,O1C,35,20,567727.935393,4315042.57939,0,0,110,0,0,2,0
1,O1C,37,20,567732.900446,4315038.42492,0,0,110,0,0,2,0
1,O1C,39,20,567737.865499,4315034.27044,0,0,110,0,0,2,0
1,O1C,41,20,567742.830552,4315030.11597,0,0,110,0,0,2,0
1,O1C,43,20,567747.775208,4315025.97856,0,0,110,0,0,2,0
1,O1C,45,20,567752.719952,4315021.84108,0,0,110,0,0,2,0
1,O1C,47,20,567757.664695,4315017.7036,0,0,110,0,0,2,0
1,O1C,49,20,567762.609438,4315013.56612,0,0,110,0,0,2,0
1,O1C,51,20,567767.554181,4315009.42864,0,0,110,0,0,2,0
1,O1C,53,20,567772.526244,4315005.2683,0,0,110,0,0,2,0
1,O1C,55,20,567777.498595,4315001.10771,0,0,110,0,0,2,0
1,O1C,57,20,567782.470947,4314996.94713,0,0,110,0,0,2,0
1,O1C,59,20,567787.443299,4314992.78655,0,0,110,0,0,2,0
1,O1C,61,20,567792.415651,4314988.62597,0,0,110,0,0,2,0
1,O1C,63,20,567797.338235,4314984.50703,0,0,110,0,0,2,0
1,O1C,65,20,567802.260968,4314980.38797,0,0,110,0,0,2,0
1,O1C,67,20,567807.183702,4314976.2689,0,0,110,0,0,2,0
1,O1C,69,20,567812.106435,4314972.14984,0,0,110,0,0,2,0
1,O1C,71,20,567817.029168,4314968.03077,0,0,110,0,0,2,0
1,O1C,73,20,567821.995421,4314963.87529,0,0,110,0,0,2,0
1,O1C,75,20,567826.961678,4314959.71981,0,0,110,0,0,2,0
1,O1C,77,20,567831.927935,4314955.56433,0,0,110,0,0,2,0
1,O1C,79,20,567836.894192,4314951.40885,0,0,110,0,0,2,0
1,O1C,81,20,567841.860449,4314947.25337,0,0,110,0,0,2,0
1,O1C,83,20,567846.826706,4314943.09788,0,0,110,0,0,2,0
1,O1C,03,21,567652.985255,4315105.29341,0,0,110,0,0,2,0
1,O1C,05,21,567657.935134,4315101.15164,0,0,110,0,0,2,0
1,O1C,07,21,567662.885013,4315097.00986,0,0,110,0,0,2,0
1,O1C,09,21,567667.834892,4315092.86808,0,0,110,0,0,2,0
1,O1C,13,21,567677.73465,4315084.58452,0,0,110,0,0,2,0
1,O1C,15,21,567682.68453,4315080.44275,0,0,110,0,0,2,0
1,O1C,17,21,567687.634409,4315076.30097,0,0,110,0,0,2,0
1,O1C,19,21,567692.584288,4315072.15919,0,0,110,0,0,2,0
1,O1C,21,21,567697.534167,4315068.01741,0,0,110,0,0,2,0
1,O1C,11,21,567672.784771,4315088.7263,0,0,110,0,0,2,0
1,O1C,23,21,567702.472048,4315063.88567,0,0,110,0,0,2,0
1,O1C,25,21,567707.409932,4315059.75393,0,0,110,0,0,2,0
1,O1C,27,21,567712.347815,4315055.62219,0,0,110,0,0,2,0
1,O1C,29,21,567717.285699,4315051.49045,0,0,110,0,0,2,0
1,O1C,31,21,567722.223583,4315047.35871,0,0,110,0,0,2,0
1,O1C,33,21,567727.188475,4315043.20437,0,0,110,0,0,2,0
1,O1C,35,21,567732.153528,4315039.04989,0,0,110,0,0,2,0
1,O1C,37,21,567737.118581,4315034.89542,0,0,110,0,0,2,0
1,O1C,39,21,567742.083634,4315030.74094,0,0,110,0,0,2,0
1,O1C,41,21,567747.048687,4315026.58647,0,0,110,0,0,2,0
1,O1C,43,21,567751.993343,4315022.44906,0,0,110,0,0,2,0
1,O1C,45,21,567756.938086,4315018.31158,0,0,110,0,0,2,0
1,O1C,47,21,567761.882829,4315014.1741,0,0,110,0,0,2,0
1,O1C,49,21,567766.827573,4315010.03662,0,0,110,0,0,2,0
1,O1C,51,21,567771.772316,4315005.89914,0,0,110,0,0,2,0
1,O1C,53,21,567776.744378,4315001.7388,0,0,110,0,0,2,0
1,O1C,55,21,567781.71673,4314997.57822,0,0,110,0,0,2,0
1,O1C,57,21,567786.689082,4314993.41764,0,0,110,0,0,2,0
1,O1C,59,21,567791.661434,4314989.25705,0,0,110,0,0,2,0
1,O1C,61,21,567796.633785,4314985.09647,0,0,110,0,0,2,0
1,O1C,63,21,567801.55637,4314980.97753,0,0,110,0,0,2,0
1,O1C,65,21,567806.479103,4314976.85847,0,0,110,0,0,2,0
1,O1C,67,21,567811.401836,4314972.73941,0,0,110,0,0,2,0
1,O1C,69,21,567816.324569,4314968.62034,0,0,110,0,0,2,0
1,O1C,71,21,567821.247302,4314964.50128,0,0,110,0,0,2,0
1,O1C,73,21,567826.213556,4314960.3458,0,0,110,0,0,2,0
1,O1C,75,21,567831.179813,4314956.19032,0,0,110,0,0,2,0
1,O1C,77,21,567836.14607,4314952.03484,0,0,110,0,0,2,0
1,O1C,79,21,567841.112327,4314947.87935,0,0,110,0,0,2,0
1,O1C,81,21,567846.078584,4314943.72387,0,0,110,0,0,2,0
1,O1C,83,21,567850.821386,4314939.3478,0,0,110,0,0,2,0
1,O2C,02,40,567611.690242,4315064.78848,0,0,111,0,0,2,0
1,O2C,04,40,567616.656951,4315060.63184,0,0,111,0,0,2,0
1,O2C,06,40,567621.623661,4315056.47521,0,0,111,0,0,2,0
1,O2C,08,40,567626.59037,4315052.31857,0,0,111,0,0,2,0
1,O2C,12,40,567636.523789,4315044.0053,0,0,111,0,0,2,0
1,O2C,14,40,567641.490498,4315039.84867,0,0,111,0,0,2,0
1,O2C,16,40,567646.457208,4315035.69204,0,0,111,0,0,2,0
1,O2C,18,40,567651.423917,4315031.5354,0,0,111,0,0,2,0
1,O2C,20,40,567656.390627,4315027.37877,0,0,111,0,0,2,0
1,O2C,10,40,567631.55708,4315048.16194,0,0,111,0,0,2,0
1,O2C,22,40,567661.35126,4315023.22722,0,0,111,0,0,2,0
1,O2C,24,40,567666.312624,4315019.07506,0,0,111,0,0,2,0
1,O2C,26,40,567671.273988,4315014.92289,0,0,111,0,0,2,0
1,O2C,28,40,567676.235352,4315010.77073,0,0,111,0,0,2,0
1,O2C,30,40,567681.196717,4315006.61857,0,0,111,0,0,2,0
1,O2C,32,40,567686.149165,4315002.47387,0,0,111,0,0,2,0
1,O2C,34,40,567691.101624,4314998.32916,0,0,111,0,0,2,0
1,O2C,36,40,567696.054083,4314994.18446,0,0,111,0,0,2,0
1,O2C,38,40,567701.006542,4314990.03975,0,0,111,0,0,2,0
1,O2C,40,40,567705.959001,4314985.89504,0,0,111,0,0,2,0
1,O2C,42,40,567710.869958,4314981.78506,0,0,111,0,0,2,0
1,O2C,44,40,567715.781094,4314977.67494,0,0,111,0,0,2,0
1,O2C,46,40,567720.692231,4314973.56481,0,0,111,0,0,2,0
1,O2C,48,40,567725.603367,4314969.45469,0,0,111,0,0,2,0
1,O2C,50,40,567730.514503,4314965.34456,0,0,111,0,0,2,0
1,O2C,52,40,567735.491359,4314961.17944,0,0,111,0,0,2,0
1,O2C,54,40,567740.468435,4314957.01413,0,0,111,0,0,2,0
1,O2C,56,40,567745.445512,4314952.84882,0,0,111,0,0,2,0
1,O2C,58,40,567750.422588,4314948.6835,0,0,111,0,0,2,0
1,O2C,60,40,567755.399664,4314944.51819,0,0,111,0,0,2,0
1,O2C,62,40,567760.337409,4314940.3858,0,0,111,0,0,2,0
1,O2C,64,40,567765.27516,4314936.2534,0,0,111,0,0,2,0
1,O2C,66,40,567770.212911,4314932.121,0,0,111,0,0,2,0
1,O2C,68,40,567775.150662,4314927.9886,0,0,111,0,0,2,0
1,O2C,70,40,567780.088413,4314923.8562,0,0,111,0,0,2,0
1,O2C,72,40,567785.056749,4314919.69821,0,0,111,0,0,2,0
1,O2C,74,40,567790.025208,4314915.54011,0,0,111,0,0,2,0
1,O2C,76,40,567794.993667,4314911.38201,0,0,111,0,0,2,0
1,O2C,78,40,567799.962126,4314907.22391,0,0,111,0,0,2,0
1,O2C,80,40,567804.930584,4314903.06581,0,0,111,0,0,2,0
1,O2C,82,40,567809.899043,4314898.90771,0,0,111,0,0,2,0
1,O2C,03,20,567611.690242,4315064.78848,0,0,111,0,0,2,0
1,O2C,05,20,567616.656951,4315060.63184,0,0,111,0,0,2,0
1,O2C,07,20,567621.623661,4315056.47521,0,0,111,0,0,2,0
1,O2C,09,20,567626.59037,4315052.31857,0,0,111,0,0,2,0
1,O2C,13,20,567636.523789,4315044.0053,0,0,111,0,0,2,0
1,O2C,15,20,567641.490498,4315039.84867,0,0,111,0,0,2,0
1,O2C,17,20,567646.457208,4315035.69204,0,0,111,0,0,2,0
1,O2C,19,20,567651.423917,4315031.5354,0,0,111,0,0,2,0
1,O2C,21,20,567656.390627,4315027.37877,0,0,111,0,0,2,0
1,O2C,11,20,567631.55708,4315048.16194,0,0,111,0,0,2,0
1,O2C,23,20,567661.35126,4315023.22722,0,0,111,0,0,2,0
1,O2C,25,20,567666.312624,4315019.07506,0,0,111,0,0,2,0
1,O2C,27,20,567671.273988,4315014.92289,0,0,111,0,0,2,0
1,O2C,29,20,567676.235352,4315010.77073,0,0,111,0,0,2,0
1,O2C,31,20,567681.196717,4315006.61857,0,0,111,0,0,2,0
1,O2C,33,20,567686.149165,4315002.47387,0,0,111,0,0,2,0
1,O2C,35,20,567691.101624,4314998.32916,0,0,111,0,0,2,0
1,O2C,37,20,567696.054083,4314994.18446,0,0,111,0,0,2,0
1,O2C,39,20,567701.006542,4314990.03975,0,0,111,0,0,2,0
1,O2C,41,20,567705.959001,4314985.89504,0,0,111,0,0,2,0
1,O2C,43,20,567710.869958,4314981.78506,0,0,111,0,0,2,0
1,O2C,45,20,567715.781094,4314977.67494,0,0,111,0,0,2,0
1,O2C,47,20,567720.692231,4314973.56481,0,0,111,0,0,2,0
1,O2C,49,20,567725.603367,4314969.45469,0,0,111,0,0,2,0
1,O2C,51,20,567730.514503,4314965.34456,0,0,111,0,0,2,0
1,O2C,53,20,567735.491359,4314961.17944,0,0,111,0,0,2,0
1,O2C,55,20,567740.468435,4314957.01413,0,0,111,0,0,2,0
1,O2C,57,20,567745.445512,4314952.84882,0,0,111,0,0,2,0
1,O2C,59,20,567750.422588,4314948.6835,0,0,111,0,0,2,0
1,O2C,61,20,567755.399664,4314944.51819,0,0,111,0,0,2,0
1,O2C,63,20,567760.337409,4314940.3858,0,0,111,0,0,2,0
1,O2C,65,20,567765.27516,4314936.2534,0,0,111,0,0,2,0
1,O2C,67,20,567770.212911,4314932.121,0,0,111,0,0,2,0
1,O2C,69,20,567775.150662,4314927.9886,0,0,111,0,0,2,0
1,O2C,71,20,567780.088413,4314923.8562,0,0,111,0,0,2,0
1,O2C,73,20,567785.056749,4314919.69821,0,0,111,0,0,2,0
1,O2C,75,20,567790.025208,4314915.54011,0,0,111,0,0,2,0
1,O2C,77,20,567794.993667,4314911.38201,0,0,111,0,0,2,0
1,O2C,79,20,567799.962126,4314907.22391,0,0,111,0,0,2,0
1,O2C,81,20,567804.930584,4314903.06581,0,0,111,0,0,2,0
1,O2C,83,20,567809.899043,4314898.90771,0,0,111,0,0,2,0
1,O2C,03,21,567615.908053,4315061.25859,0,0,111,0,0,2,0
1,O2C,05,21,567620.874762,4315057.10196,0,0,111,0,0,2,0
1,O2C,07,21,567625.841472,4315052.94533,0,0,111,0,0,2,0
1,O2C,09,21,567630.808181,4315048.78869,0,0,111,0,0,2,0
1,O2C,13,21,567640.7416,4315040.47542,0,0,111,0,0,2,0
1,O2C,15,21,567645.70831,4315036.31879,0,0,111,0,0,2,0
1,O2C,17,21,567650.675019,4315032.16215,0,0,111,0,0,2,0
1,O2C,19,21,567655.641728,4315028.00552,0,0,111,0,0,2,0
1,O2C,21,21,567660.608438,4315023.84888,0,0,111,0,0,2,0
1,O2C,11,21,567635.774891,4315044.63206,0,0,111,0,0,2,0
1,O2C,23,21,567665.569071,4315019.69733,0,0,111,0,0,2,0
1,O2C,25,21,567670.530435,4315015.54517,0,0,111,0,0,2,0
1,O2C,27,21,567675.491799,4315011.39301,0,0,111,0,0,2,0
1,O2C,29,21,567680.453164,4315007.24085,0,0,111,0,0,2,0
1,O2C,31,21,567685.414528,4315003.08869,0,0,111,0,0,2,0
1,O2C,33,21,567690.366976,4314998.94399,0,0,111,0,0,2,0
1,O2C,35,21,567695.319435,4314994.79928,0,0,111,0,0,2,0
1,O2C,37,21,567700.271894,4314990.65457,0,0,111,0,0,2,0
1,O2C,39,21,567705.224353,4314986.50987,0,0,111,0,0,2,0
1,O2C,41,21,567710.176812,4314982.36516,0,0,111,0,0,2,0
1,O2C,43,21,567715.087769,4314978.25518,0,0,111,0,0,2,0
1,O2C,45,21,567719.998906,4314974.14506,0,0,111,0,0,2,0
1,O2C,47,21,567724.910042,4314970.03493,0,0,111,0,0,2,0
1,O2C,49,21,567729.821178,4314965.92481,0,0,111,0,0,2,0
1,O2C,51,21,567734.732314,4314961.81468,0,0,111,0,0,2,0
1,O2C,53,21,567739.70917,4314957.64955,0,0,111,0,0,2,0
1,O2C,55,21,567744.686246,4314953.48424,0,0,111,0,0,2,0
1,O2C,57,21,567749.663323,4314949.31893,0,0,111,0,0,2,0
1,O2C,59,21,567754.640399,4314945.15362,0,0,111,0,0,2,0
1,O2C,61,21,567759.617475,4314940.98831,0,0,111,0,0,2,0
1,O2C,63,21,567764.55522,4314936.85592,0,0,111,0,0,2,0
1,O2C,65,21,567769.492971,4314932.72352,0,0,111,0,0,2,0
1,O2C,67,21,567774.430722,4314928.59112,0,0,111,0,0,2,0
1,O2C,69,21,567779.368473,4314924.45872,0,0,111,0,0,2,0
1,O2C,71,21,567784.306224,4314920.32632,0,0,111,0,0,2,0
1,O2C,73,21,567789.27456,4314916.16833,0,0,111,0,0,2,0
1,O2C,75,21,567794.243019,4314912.01023,0,0,111,0,0,2,0
1,O2C,77,21,567799.211478,4314907.85213,0,0,111,0,0,2,0
1,O2C,79,21,567804.179937,4314903.69403,0,0,111,0,0,2,0
1,O2C,81,21,567809.148396,4314899.53593,0,0,111,0,0,2,0
1,O2C,83,21,567814.267506,4314895.56789,0,0,111,0,0,2,0
1,O3C,02,40,567597.088727,4315047.82611,0,0,112,0,0,2,0
1,O3C,04,40,567602.099106,4315043.63383,0,0,112,0,0,2,0
1,O3C,06,40,567607.109486,4315039.44156,0,0,112,0,0,2,0
1,O3C,08,40,567612.119866,4315035.24928,0,0,112,0,0,2,0
1,O3C,12,40,567622.140626,4315026.86473,0,0,112,0,0,2,0
1,O3C,14,40,567627.151006,4315022.67245,0,0,112,0,0,2,0
1,O3C,16,40,567632.161385,4315018.48018,0,0,112,0,0,2,0
1,O3C,18,40,567637.171765,4315014.2879,0,0,112,0,0,2,0
1,O3C,20,40,567642.182145,4315010.09563,0,0,112,0,0,2,0
1,O3C,10,40,567617.130246,4315031.05701,0,0,112,0,0,2,0
1,O3C,22,40,567647.074089,4315006.00245,0,0,112,0,0,2,0
1,O3C,24,40,567651.96607,4315001.90924,0,0,112,0,0,2,0
1,O3C,26,40,567656.858051,4314997.81603,0,0,112,0,0,2,0
1,O3C,28,40,567661.750033,4314993.72282,0,0,112,0,0,2,0
1,O3C,30,40,567666.642014,4314989.62961,0,0,112,0,0,2,0
1,O3C,32,40,567671.639429,4314985.44818,0,0,112,0,0,2,0
1,O3C,34,40,567676.637039,4314981.26659,0,0,112,0,0,2,0
1,O3C,36,40,567681.634649,4314977.085,0,0,112,0,0,2,0
1,O3C,38,40,567686.632259,4314972.90341,0,0,112,0,0,2,0
1,O3C,40,40,567691.62987,4314968.72182,0,0,112,0,0,2,0
1,O3C,42,40,567696.550652,4314964.60451,0,0,112,0,0,2,0
1,O3C,44,40,567701.471526,4314960.48713,0,0,112,0,0,2,0
1,O3C,46,40,567706.392401,4314956.36974,0,0,112,0,0,2,0
1,O3C,48,40,567711.313275,4314952.25236,0,0,112,0,0,2,0
1,O3C,50,40,567716.23415,4314948.13497,0,0,112,0,0,2,0
1,O3C,52,40,567721.224649,4314943.95933,0,0,112,0,0,2,0
1,O3C,54,40,567726.215156,4314939.78368,0,0,112,0,0,2,0
1,O3C,56,40,567731.205662,4314935.60803,0,0,112,0,0,2,0
1,O3C,58,40,567736.196168,4314931.43239,0,0,112,0,0,2,0
1,O3C,60,40,567741.186674,4314927.25674,0,0,112,0,0,2,0
1,O3C,62,40,567746.104435,4314923.14196,0,0,112,0,0,2,0
1,O3C,64,40,567751.022399,4314919.02701,0,0,112,0,0,2,0
1,O3C,66,40,567755.940364,4314914.91206,0,0,112,0,0,2,0
1,O3C,68,40,567760.858329,4314910.79711,0,0,112,0,0,2,0
1,O3C,70,40,567765.776294,4314906.68216,0,0,112,0,0,2,0
1,O3C,72,40,567770.75806,4314902.51383,0,0,112,0,0,2,0
1,O3C,74,40,567775.740342,4314898.34506,0,0,112,0,0,2,0
1,O3C,76,40,567780.722623,4314894.17629,0,0,112,0,0,2,0
1,O3C,78,40,567785.704905,4314890.00753,0,0,112,0,0,2,0
1,O3C,80,40,567790.687187,4314885.83876,0,0,112,0,0,2,0
1,O3C,82,40,567795.669469,4314881.67,0,0,112,0,0,2,0
1,O3C,03,20,567597.088727,4315047.82611,0,0,112,0,0,2,0
1,O3C,05,20,567602.099106,4315043.63383,0,0,112,0,0,2,0
1,O3C,07,20,567607.109486,4315039.44156,0,0,112,0,0,2,0
1,O3C,09,20,567612.119866,4315035.24928,0,0,112,0,0,2,0
1,O3C,13,20,567622.140626,4315026.86473,0,0,112,0,0,2,0
1,O3C,15,20,567627.151006,4315022.67245,0,0,112,0,0,2,0
1,O3C,17,20,567632.161385,4315018.48018,0,0,112,0,0,2,0
1,O3C,19,20,567637.171765,4315014.2879,0,0,112,0,0,2,0
1,O3C,21,20,567642.182145,4315010.09563,0,0,112,0,0,2,0
1,O3C,11,20,567617.130246,4315031.05701,0,0,112,0,0,2,0
1,O3C,23,20,567647.074089,4315006.00245,0,0,112,0,0,2,0
1,O3C,25,20,567651.96607,4315001.90924,0,0,112,0,0,2,0
1,O3C,27,20,567656.858051,4314997.81603,0,0,112,0,0,2,0
1,O3C,29,20,567661.750033,4314993.72282,0,0,112,0,0,2,0
1,O3C,31,20,567666.642014,4314989.62961,0,0,112,0,0,2,0
1,O3C,33,20,567671.639429,4314985.44818,0,0,112,0,0,2,0
1,O3C,35,20,567676.637039,4314981.26659,0,0,112,0,0,2,0
1,O3C,37,20,567681.634649,4314977.085,0,0,112,0,0,2,0
1,O3C,39,20,567686.632259,4314972.90341,0,0,112,0,0,2,0
1,O3C,41,20,567691.62987,4314968.72182,0,0,112,0,0,2,0
1,O3C,43,20,567696.550652,4314964.60451,0,0,112,0,0,2,0
1,O3C,45,20,567701.471526,4314960.48713,0,0,112,0,0,2,0
1,O3C,47,20,567706.392401,4314956.36974,0,0,112,0,0,2,0
1,O3C,49,20,567711.313275,4314952.25236,0,0,112,0,0,2,0
1,O3C,51,20,567716.23415,4314948.13497,0,0,112,0,0,2,0
1,O3C,53,20,567721.224649,4314943.95933,0,0,112,0,0,2,0
1,O3C,55,20,567726.215156,4314939.78368,0,0,112,0,0,2,0
1,O3C,57,20,567731.205662,4314935.60803,0,0,112,0,0,2,0
1,O3C,59,20,567736.196168,4314931.43239,0,0,112,0,0,2,0
1,O3C,61,20,567741.186674,4314927.25674,0,0,112,0,0,2,0
1,O3C,63,20,567746.104435,4314923.14196,0,0,112,0,0,2,0
1,O3C,65,20,567751.022399,4314919.02701,0,0,112,0,0,2,0
1,O3C,67,20,567755.940364,4314914.91206,0,0,112,0,0,2,0
1,O3C,69,20,567760.858329,4314910.79711,0,0,112,0,0,2,0
1,O3C,71,20,567765.776294,4314906.68216,0,0,112,0,0,2,0
1,O3C,73,20,567770.75806,4314902.51383,0,0,112,0,0,2,0
1,O3C,75,20,567775.740342,4314898.34506,0,0,112,0,0,2,0
1,O3C,77,20,567780.722623,4314894.17629,0,0,112,0,0,2,0
1,O3C,79,20,567785.704905,4314890.00753,0,0,112,0,0,2,0
1,O3C,81,20,567790.687187,4314885.83876,0,0,112,0,0,2,0
1,O3C,83,20,567795.669469,4314881.67,0,0,112,0,0,2,0
1,O3C,03,21,567601.306913,4315044.29668,0,0,112,0,0,2,0
1,O3C,05,21,567606.317293,4315040.1044,0,0,112,0,0,2,0
1,O3C,07,21,567611.327673,4315035.91212,0,0,112,0,0,2,0
1,O3C,09,21,567616.338053,4315031.71985,0,0,112,0,0,2,0
1,O3C,13,21,567626.358812,4315023.3353,0,0,112,0,0,2,0
1,O3C,15,21,567631.369192,4315019.14302,0,0,112,0,0,2,0
1,O3C,17,21,567636.379572,4315014.95075,0,0,112,0,0,2,0
1,O3C,19,21,567641.389952,4315010.75847,0,0,112,0,0,2,0
1,O3C,21,21,567646.400332,4315006.56619,0,0,112,0,0,2,0
1,O3C,11,21,567621.348433,4315027.52757,0,0,112,0,0,2,0
1,O3C,23,21,567651.292275,4315002.47302,0,0,112,0,0,2,0
1,O3C,25,21,567656.184257,4314998.37981,0,0,112,0,0,2,0
1,O3C,27,21,567661.076238,4314994.2866,0,0,112,0,0,2,0
1,O3C,29,21,567665.96822,4314990.19339,0,0,112,0,0,2,0
1,O3C,31,21,567670.860201,4314986.10018,0,0,112,0,0,2,0
1,O3C,33,21,567675.857616,4314981.91875,0,0,112,0,0,2,0
1,O3C,35,21,567680.855226,4314977.73716,0,0,112,0,0,2,0
1,O3C,37,21,567685.852836,4314973.55557,0,0,112,0,0,2,0
1,O3C,39,21,567690.850446,4314969.37398,0,0,112,0,0,2,0
1,O3C,41,21,567695.848056,4314965.19238,0,0,112,0,0,2,0
1,O3C,43,21,567700.768839,4314961.07508,0,0,112,0,0,2,0
1,O3C,45,21,567705.689713,4314956.95769,0,0,112,0,0,2,0
1,O3C,47,21,567710.610588,4314952.84031,0,0,112,0,0,2,0
1,O3C,49,21,567715.531462,4314948.72292,0,0,112,0,0,2,0
1,O3C,51,21,567720.452336,4314944.60554,0,0,112,0,0,2,0
1,O3C,53,21,567725.442836,4314940.4299,0,0,112,0,0,2,0
1,O3C,55,21,567730.433342,4314936.25425,0,0,112,0,0,2,0
1,O3C,57,21,567735.423849,4314932.0786,0,0,112,0,0,2,0
1,O3C,59,21,567740.414355,4314927.90295,0,0,112,0,0,2,0
1,O3C,61,21,567745.404861,4314923.72731,0,0,112,0,0,2,0
1,O3C,63,21,567750.322621,4314919.61253,0,0,112,0,0,2,0
1,O3C,65,21,567755.240586,4314915.49758,0,0,112,0,0,2,0
1,O3C,67,21,567760.158551,4314911.38263,0,0,112,0,0,2,0
1,O3C,69,21,567765.076516,4314907.26768,0,0,112,0,0,2,0
1,O3C,71,21,567769.99448,4314903.15273,0,0,112,0,0,2,0
1,O3C,73,21,567774.976247,4314898.98439,0,0,112,0,0,2,0
1,O3C,75,21,567779.958528,4314894.81563,0,0,112,0,0,2,0
1,O3C,77,21,567784.94081,4314890.64686,0,0,112,0,0,2,0
1,O3C,79,21,567789.923092,4314886.47809,0,0,112,0,0,2,0
1,O3C,81,21,567794.905374,4314882.30933,0,0,112,0,0,2,0
1,O3C,83,21,567799.699218,4314877.94189,0,0,112,0,0,2,0
1,O4C,02,40,567562.523281,4315005.84481,0,0,113,0,0,2,0
1,O4C,04,40,567567.476697,4315001.70055,0,0,113,0,0,2,0
1,O4C,06,40,567572.430113,4314997.55628,0,0,113,0,0,2,0
1,O4C,08,40,567577.383529,4314993.41201,0,0,113,0,0,2,0
1,O4C,12,40,567587.290361,4314985.12347,0,0,113,0,0,2,0
1,O4C,14,40,567592.243777,4314980.97921,0,0,113,0,0,2,0
1,O4C,16,40,567597.197193,4314976.83494,0,0,113,0,0,2,0
1,O4C,18,40,567602.150609,4314972.69067,0,0,113,0,0,2,0
1,O4C,20,40,567607.104025,4314968.5464,0,0,113,0,0,2,0
1,O4C,10,40,567582.336945,4314989.26774,0,0,113,0,0,2,0
1,O4C,22,40,567612.050789,4314964.4077,0,0,113,0,0,2,0
1,O4C,24,40,567616.997889,4314960.26872,0,0,113,0,0,2,0
1,O4C,26,40,567621.944989,4314956.12973,0,0,113,0,0,2,0
1,O4C,28,40,567626.892089,4314951.99075,0,0,113,0,0,2,0
1,O4C,30,40,567631.839189,4314947.85176,0,0,113,0,0,2,0
1,O4C,32,40,567636.795314,4314943.70523,0,0,113,0,0,2,0
1,O4C,34,40,567641.752403,4314939.55789,0,0,113,0,0,2,0
1,O4C,36,40,567646.709493,4314935.41055,0,0,113,0,0,2,0
1,O4C,38,40,567651.666582,4314931.26321,0,0,113,0,0,2,0
1,O4C,40,40,567656.623671,4314927.11586,0,0,113,0,0,2,0
1,O4C,42,40,567661.561348,4314922.98476,0,0,113,0,0,2,0
1,O4C,44,40,567666.499035,4314918.85366,0,0,113,0,0,2,0
1,O4C,46,40,567671.436723,4314914.72255,0,0,113,0,0,2,0
1,O4C,48,40,567676.37441,4314910.59144,0,0,113,0,0,2,0
1,O4C,50,40,567681.312097,4314906.46033,0,0,113,0,0,2,0
1,O4C,52,40,567686.280924,4314902.30317,0,0,113,0,0,2,0
1,O4C,54,40,567691.249753,4314898.14601,0,0,113,0,0,2,0
1,O4C,56,40,567696.218581,4314893.98884,0,0,113,0,0,2,0
1,O4C,58,40,567701.18741,4314889.83168,0,0,113,0,0,2,0
1,O4C,60,40,567706.156239,4314885.67452,0,0,113,0,0,2,0
1,O4C,62,40,567711.093513,4314881.54375,0,0,113,0,0,2,0
1,O4C,64,40,567716.030788,4314877.41299,0,0,113,0,0,2,0
1,O4C,66,40,567720.968063,4314873.28223,0,0,113,0,0,2,0
1,O4C,68,40,567725.905338,4314869.15146,0,0,113,0,0,2,0
1,O4C,70,40,567730.842613,4314865.0207,0,0,113,0,0,2,0
1,O4C,72,40,567735.827705,4314860.84993,0,0,113,0,0,2,0
1,O4C,74,40,567740.812828,4314856.67913,0,0,113,0,0,2,0
1,O4C,76,40,567745.797952,4314852.50834,0,0,113,0,0,2,0
1,O4C,78,40,567750.783075,4314848.33754,0,0,113,0,0,2,0
1,O4C,80,40,567755.768198,4314844.16675,0,0,113,0,0,2,0
1,O4C,82,40,567760.753322,4314839.99595,0,0,113,0,0,2,0
1,O4C,03,20,567562.523281,4315005.84481,0,0,113,0,0,2,0
1,O4C,05,20,567567.476697,4315001.70055,0,0,113,0,0,2,0
1,O4C,07,20,567572.430113,4314997.55628,0,0,113,0,0,2,0
1,O4C,09,20,567577.383529,4314993.41201,0,0,113,0,0,2,0
1,O4C,13,20,567587.290361,4314985.12347,0,0,113,0,0,2,0
1,O4C,15,20,567592.243777,4314980.97921,0,0,113,0,0,2,0
1,O4C,17,20,567597.197193,4314976.83494,0,0,113,0,0,2,0
1,O4C,19,20,567602.150609,4314972.69067,0,0,113,0,0,2,0
1,O4C,21,20,567607.104025,4314968.5464,0,0,113,0,0,2,0
1,O4C,11,20,567582.336945,4314989.26774,0,0,113,0,0,2,0
1,O4C,23,20,567612.050789,4314964.4077,0,0,113,0,0,2,0
1,O4C,25,20,567616.997889,4314960.26872,0,0,113,0,0,2,0
1,O4C,27,20,567621.944989,4314956.12973,0,0,113,0,0,2,0
1,O4C,29,20,567626.892089,4314951.99075,0,0,113,0,0,2,0
1,O4C,31,20,567631.839189,4314947.85176,0,0,113,0,0,2,0
1,O4C,33,20,567636.795314,4314943.70523,0,0,113,0,0,2,0
1,O4C,35,20,567641.752403,4314939.55789,0,0,113,0,0,2,0
1,O4C,37,20,567646.709493,4314935.41055,0,0,113,0,0,2,0
1,O4C,39,20,567651.666582,4314931.26321,0,0,113,0,0,2,0
1,O4C,41,20,567656.623671,4314927.11586,0,0,113,0,0,2,0
1,O4C,43,20,567661.561348,4314922.98476,0,0,113,0,0,2,0
1,O4C,45,20,567666.499035,4314918.85366,0,0,113,0,0,2,0
1,O4C,47,20,567671.436723,4314914.72255,0,0,113,0,0,2,0
1,O4C,49,20,567676.37441,4314910.59144,0,0,113,0,0,2,0
1,O4C,51,20,567681.312097,4314906.46033,0,0,113,0,0,2,0
1,O4C,53,20,567686.280924,4314902.30317,0,0,113,0,0,2,0
1,O4C,55,20,567691.249753,4314898.14601,0,0,113,0,0,2,0
1,O4C,57,20,567696.218581,4314893.98884,0,0,113,0,0,2,0
1,O4C,59,20,567701.18741,4314889.83168,0,0,113,0,0,2,0
1,O4C,61,20,567706.156239,4314885.67452,0,0,113,0,0,2,0
1,O4C,63,20,567711.093513,4314881.54375,0,0,113,0,0,2,0
1,O4C,65,20,567716.030788,4314877.41299,0,0,113,0,0,2,0
1,O4C,67,20,567720.968063,4314873.28223,0,0,113,0,0,2,0
1,O4C,69,20,567725.905338,4314869.15146,0,0,113,0,0,2,0
1,O4C,71,20,567730.842613,4314865.0207,0,0,113,0,0,2,0
1,O4C,73,20,567735.827705,4314860.84993,0,0,113,0,0,2,0
1,O4C,75,20,567740.812828,4314856.67913,0,0,113,0,0,2,0
1,O4C,77,20,567745.797952,4314852.50834,0,0,113,0,0,2,0
1,O4C,79,20,567750.783075,4314848.33754,0,0,113,0,0,2,0
1,O4C,81,20,567755.768198,4314844.16675,0,0,113,0,0,2,0
1,O4C,83,20,567760.753322,4314839.99595,0,0,113,0,0,2,0
1,O4C,03,21,567566.741612,4315002.31555,0,0,113,0,0,2,0
1,O4C,05,21,567571.695028,4314998.17128,0,0,113,0,0,2,0
1,O4C,07,21,567576.648444,4314994.02702,0,0,113,0,0,2,0
1,O4C,09,21,567581.60186,4314989.88275,0,0,113,0,0,2,0
1,O4C,13,21,567591.508692,4314981.59421,0,0,113,0,0,2,0
1,O4C,15,21,567596.462108,4314977.44994,0,0,113,0,0,2,0
1,O4C,17,21,567601.415524,4314973.30568,0,0,113,0,0,2,0
1,O4C,19,21,567606.36894,4314969.16141,0,0,113,0,0,2,0
1,O4C,21,21,567611.322356,4314965.01714,0,0,113,0,0,2,0
1,O4C,11,21,567586.555276,4314985.73848,0,0,113,0,0,2,0
1,O4C,23,21,567616.26912,4314960.87844,0,0,113,0,0,2,0
1,O4C,25,21,567621.21622,4314956.73945,0,0,113,0,0,2,0
1,O4C,27,21,567626.16332,4314952.60047,0,0,113,0,0,2,0
1,O4C,29,21,567631.11042,4314948.46149,0,0,113,0,0,2,0
1,O4C,31,21,567636.05752,4314944.3225,0,0,113,0,0,2,0
1,O4C,33,21,567641.013645,4314940.17597,0,0,113,0,0,2,0
1,O4C,35,21,567645.970735,4314936.02863,0,0,113,0,0,2,0
1,O4C,37,21,567650.927824,4314931.88129,0,0,113,0,0,2,0
1,O4C,39,21,567655.884913,4314927.73394,0,0,113,0,0,2,0
1,O4C,41,21,567660.842003,4314923.5866,0,0,113,0,0,2,0
1,O4C,43,21,567665.77968,4314919.4555,0,0,113,0,0,2,0
1,O4C,45,21,567670.717367,4314915.32439,0,0,113,0,0,2,0
1,O4C,47,21,567675.655054,4314911.19329,0,0,113,0,0,2,0
1,O4C,49,21,567680.592741,4314907.06218,0,0,113,0,0,2,0
1,O4C,51,21,567685.530429,4314902.93107,0,0,113,0,0,2,0
1,O4C,53,21,567690.499255,4314898.77391,0,0,113,0,0,2,0
1,O4C,55,21,567695.468084,4314894.61674,0,0,113,0,0,2,0
1,O4C,57,21,567700.436913,4314890.45958,0,0,113,0,0,2,0
1,O4C,59,21,567705.405742,4314886.30242,0,0,113,0,0,2,0
1,O4C,61,21,567710.37457,4314882.14526,0,0,113,0,0,2,0
1,O4C,63,21,567715.311844,4314878.01449,0,0,113,0,0,2,0
1,O4C,65,21,567720.249119,4314873.88373,0,0,113,0,0,2,0
1,O4C,67,21,567725.186394,4314869.75297,0,0,113,0,0,2,0
1,O4C,69,21,567730.123669,4314865.6222,0,0,113,0,0,2,0
1,O4C,71,21,567735.060944,4314861.49144,0,0,113,0,0,2,0
1,O4C,73,21,567740.046036,4314857.32067,0,0,113,0,0,2,0
1,O4C,75,21,567745.03116,4314853.14987,0,0,113,0,0,2,0
1,O4C,77,21,567750.016283,4314848.97908,0,0,113,0,0,2,0
1,O4C,79,21,567755.001406,4314844.80828,0,0,113,0,0,2,0
1,O4C,81,21,567759.98653,4314840.63748,0,0,113,0,0,2,0
1,O4C,83,21,567764.978362,4314836.47473,0,0,113,0,0,2,0
1,O5C,02,40,567548.439408,4314989.4699,0,0,114,0,0,2,0
1,O5C,04,40,567553.431751,4314985.29391,0,0,114,0,0,2,0
1,O5C,06,40,567558.424094,4314981.11791,0,0,114,0,0,2,0
1,O5C,08,40,567563.416437,4314976.94191,0,0,114,0,0,2,0
1,O5C,12,40,567573.401123,4314968.58992,0,0,114,0,0,2,0
1,O5C,14,40,567578.393467,4314964.41393,0,0,114,0,0,2,0
1,O5C,16,40,567583.38581,4314960.23793,0,0,114,0,0,2,0
1,O5C,18,40,567588.378153,4314956.06193,0,0,114,0,0,2,0
1,O5C,20,40,567593.370496,4314951.88594,0,0,114,0,0,2,0
1,O5C,10,40,567568.40878,4314972.76592,0,0,114,0,0,2,0
1,O5C,22,40,567598.284116,4314947.77579,0,0,114,0,0,2,0
1,O5C,24,40,567603.200128,4314943.66365,0,0,114,0,0,2,0
1,O5C,26,40,567608.11614,4314939.5515,0,0,114,0,0,2,0
1,O5C,28,40,567613.032151,4314935.43935,0,0,114,0,0,2,0
1,O5C,30,40,567617.948163,4314931.32721,0,0,114,0,0,2,0
1,O5C,32,40,567623.811093,4314926.42298,0,0,114,0,0,2,0
1,O5C,34,40,567629.675644,4314921.5174,0,0,114,0,0,2,0
1,O5C,36,40,567635.540195,4314916.61182,0,0,114,0,0,2,0
1,O5C,38,40,567641.404746,4314911.70624,0,0,114,0,0,2,0
1,O5C,40,40,567647.269297,4314906.80066,0,0,114,0,0,2,0
1,O5C,42,40,567653.242864,4314901.80389,0,0,114,0,0,2,0
1,O5C,44,40,567659.218742,4314896.80519,0,0,114,0,0,2,0
1,O5C,46,40,567665.194621,4314891.80648,0,0,114,0,0,2,0
1,O5C,48,40,567671.1705,4314886.80778,0,0,114,0,0,2,0
1,O5C,50,40,567677.146379,4314881.80907,0,0,114,0,0,2,0
1,O5C,52,40,567682.770412,4314877.10468,0,0,114,0,0,2,0
1,O5C,54,40,567688.397675,4314872.39759,0,0,114,0,0,2,0
1,O5C,56,40,567694.024938,4314867.69049,0,0,114,0,0,2,0
1,O5C,58,40,567699.652201,4314862.9834,0,0,114,0,0,2,0
1,O5C,60,40,567705.279465,4314858.27631,0,0,114,0,0,2,0
1,O5C,62,40,567711.22763,4314853.30078,0,0,114,0,0,2,0
1,O5C,64,40,567717.177603,4314848.32375,0,0,114,0,0,2,0
1,O5C,66,40,567723.127575,4314843.34672,0,0,114,0,0,2,0
1,O5C,68,40,567729.077547,4314838.36968,0,0,114,0,0,2,0
1,O5C,70,40,567735.027519,4314833.39265,0,0,114,0,0,2,0
1,O5C,72,40,567740.977492,4314828.41562,0,0,114,0,0,2,0
1,O5C,74,40,567746.927464,4314823.43858,0,0,114,0,0,2,0
1,O5C,03,20,567548.439408,4314989.4699,0,0,114,0,0,2,0
1,O5C,05,20,567553.431751,4314985.29391,0,0,114,0,0,2,0
1,O5C,07,20,567558.424094,4314981.11791,0,0,114,0,0,2,0
1,O5C,09,20,567563.416437,4314976.94191,0,0,114,0,0,2,0
1,O5C,13,20,567573.401123,4314968.58992,0,0,114,0,0,2,0
1,O5C,15,20,567578.393467,4314964.41393,0,0,114,0,0,2,0
1,O5C,17,20,567583.38581,4314960.23793,0,0,114,0,0,2,0
1,O5C,19,20,567588.378153,4314956.06193,0,0,114,0,0,2,0
1,O5C,21,20,567593.370496,4314951.88594,0,0,114,0,0,2,0
1,O5C,11,20,567568.40878,4314972.76592,0,0,114,0,0,2,0
1,O5C,23,20,567598.284116,4314947.77579,0,0,114,0,0,2,0
1,O5C,25,20,567603.200128,4314943.66365,0,0,114,0,0,2,0
1,O5C,27,20,567608.11614,4314939.5515,0,0,114,0,0,2,0
1,O5C,29,20,567613.032151,4314935.43935,0,0,114,0,0,2,0
1,O5C,31,20,567617.948163,4314931.32721,0,0,114,0,0,2,0
1,O5C,33,20,567623.811093,4314926.42298,0,0,114,0,0,2,0
1,O5C,35,20,567629.675644,4314921.5174,0,0,114,0,0,2,0
1,O5C,37,20,567635.540195,4314916.61182,0,0,114,0,0,2,0
1,O5C,39,20,567641.404746,4314911.70624,0,0,114,0,0,2,0
1,O5C,41,20,567647.269297,4314906.80066,0,0,114,0,0,2,0
1,O5C,43,20,567653.242864,4314901.80389,0,0,114,0,0,2,0
1,O5C,45,20,567659.218742,4314896.80519,0,0,114,0,0,2,0
1,O5C,47,20,567665.194621,4314891.80648,0,0,114,0,0,2,0
1,O5C,49,20,567671.1705,4314886.80778,0,0,114,0,0,2,0
1,O5C,51,20,567677.146379,4314881.80907,0,0,114,0,0,2,0
1,O5C,53,20,567682.770412,4314877.10468,0,0,114,0,0,2,0
1,O5C,55,20,567688.397675,4314872.39759,0,0,114,0,0,2,0
1,O5C,57,20,567694.024938,4314867.69049,0,0,114,0,0,2,0
1,O5C,59,20,567699.652201,4314862.9834,0,0,114,0,0,2,0
1,O5C,61,20,567705.279465,4314858.27631,0,0,114,0,0,2,0
1,O5C,63,20,567711.22763,4314853.30078,0,0,114,0,0,2,0
1,O5C,65,20,567717.177603,4314848.32375,0,0,114,0,0,2,0
1,O5C,67,20,567723.127575,4314843.34672,0,0,114,0,0,2,0
1,O5C,69,20,567729.077547,4314838.36968,0,0,114,0,0,2,0
1,O5C,71,20,567735.027519,4314833.39265,0,0,114,0,0,2,0
1,O5C,73,20,567740.977492,4314828.41562,0,0,114,0,0,2,0
1,O5C,75,20,567746.927464,4314823.43858,0,0,114,0,0,2,0
1,O5C,03,21,567552.658089,4314985.94106,0,0,114,0,0,2,0
1,O5C,05,21,567557.650432,4314981.76506,0,0,114,0,0,2,0
1,O5C,07,21,567562.642775,4314977.58907,0,0,114,0,0,2,0
1,O5C,09,21,567567.635118,4314973.41307,0,0,114,0,0,2,0
1,O5C,13,21,567577.619804,4314965.06108,0,0,114,0,0,2,0
1,O5C,15,21,567582.612147,4314960.88508,0,0,114,0,0,2,0
1,O5C,17,21,567587.604491,4314956.70909,0,0,114,0,0,2,0
1,O5C,19,21,567592.596834,4314952.53309,0,0,114,0,0,2,0
1,O5C,21,21,567597.589177,4314948.35709,0,0,114,0,0,2,0
1,O5C,11,21,567572.627461,4314969.23707,0,0,114,0,0,2,0
1,O5C,23,21,567602.502797,4314944.24695,0,0,114,0,0,2,0
1,O5C,25,21,567607.418809,4314940.1348,0,0,114,0,0,2,0
1,O5C,27,21,567612.334821,4314936.02266,0,0,114,0,0,2,0
1,O5C,29,21,567617.250832,4314931.91051,0,0,114,0,0,2,0
1,O5C,31,21,567622.166844,4314927.79836,0,0,114,0,0,2,0
1,O5C,33,21,567628.029774,4314922.89414,0,0,114,0,0,2,0
1,O5C,35,21,567633.894325,4314917.98856,0,0,114,0,0,2,0
1,O5C,37,21,567639.758876,4314913.08298,0,0,114,0,0,2,0
1,O5C,39,21,567645.623426,4314908.1774,0,0,114,0,0,2,0
1,O5C,41,21,567651.487977,4314903.27182,0,0,114,0,0,2,0
1,O5C,43,21,567657.461545,4314898.27505,0,0,114,0,0,2,0
1,O5C,45,21,567663.437423,4314893.27634,0,0,114,0,0,2,0
1,O5C,47,21,567669.413302,4314888.27764,0,0,114,0,0,2,0
1,O5C,49,21,567675.389181,4314883.27894,0,0,114,0,0,2,0
1,O5C,51,21,567681.36506,4314878.28023,0,0,114,0,0,2,0
1,O5C,53,21,567686.989093,4314873.57584,0,0,114,0,0,2,0
1,O5C,55,21,567692.616356,4314868.86875,0,0,114,0,0,2,0
1,O5C,57,21,567698.243619,4314864.16165,0,0,114,0,0,2,0
1,O5C,59,21,567703.870882,4314859.45456,0,0,114,0,0,2,0
1,O5C,61,21,567709.498145,4314854.74746,0,0,114,0,0,2,0
1,O5C,63,21,567715.446311,4314849.77194,0,0,114,0,0,2,0
1,O5C,65,21,567721.396283,4314844.79491,0,0,114,0,0,2,0
1,O5C,67,21,567727.346256,4314839.81787,0,0,114,0,0,2,0
1,O5C,69,21,567733.296228,4314834.84084,0,0,114,0,0,2,0
1,O5C,71,21,567739.2462,4314829.86381,0,0,114,0,0,2,0
1,O5C,73,21,567745.196173,4314824.88677,0,0,114,0,0,2,0
1,O5C,75,21,567751.233196,4314820.01722,0,0,114,0,0,2,0
1,O1D,02,40,567875.531662,4314919.08954,0,0,100,0,0,2,0
1,O1D,04,40,567880.493587,4314914.93841,0,0,100,0,0,2,0
1,O1D,06,40,567885.455512,4314910.78727,0,0,100,0,0,2,0
1,O1D,08,40,567890.417437,4314906.63614,0,0,100,0,0,2,0
1,O1D,12,40,567900.341288,4314898.33388,0,0,100,0,0,2,0
1,O1D,14,40,567905.303213,4314894.18275,0,0,100,0,0,2,0
1,O1D,16,40,567910.265138,4314890.03162,0,0,100,0,0,2,0
1,O1D,18,40,567915.227063,4314885.88049,0,0,100,0,0,2,0
1,O1D,20,40,567920.188988,4314881.72935,0,0,100,0,0,2,0
1,O1D,10,40,567895.379363,4314902.48501,0,0,100,0,0,2,0
1,O1D,22,40,567925.143756,4314877.58421,0,0,100,0,0,2,0
1,O1D,24,40,567930.098806,4314873.43883,0,0,100,0,0,2,0
1,O1D,26,40,567935.053855,4314869.29345,0,0,100,0,0,2,0
1,O1D,28,40,567940.008905,4314865.14807,0,0,100,0,0,2,0
1,O1D,30,40,567944.963955,4314861.00269,0,0,100,0,0,2,0
1,O1D,32,40,567949.898311,4314856.87463,0,0,100,0,0,2,0
1,O1D,34,40,567954.832872,4314852.74639,0,0,100,0,0,2,0
1,O1D,36,40,567959.767433,4314848.61815,0,0,100,0,0,2,0
1,O1D,38,40,567964.701995,4314844.48991,0,0,100,0,0,2,0
1,O1D,40,40,567969.636556,4314840.36167,0,0,100,0,0,2,0
1,O1D,42,40,567974.601809,4314836.20776,0,0,100,0,0,2,0
1,O1D,44,40,567979.568323,4314832.05278,0,0,100,0,0,2,0
1,O1D,46,40,567984.534838,4314827.89781,0,0,100,0,0,2,0
1,O1D,48,40,567989.501353,4314823.74284,0,0,100,0,0,2,0
1,O1D,50,40,567994.467867,4314819.58787,0,0,100,0,0,2,0
1,O1D,52,40,567999.412546,4314815.45117,0,0,100,0,0,2,0
1,O1D,54,40,568004.357569,4314811.31418,0,0,100,0,0,2,0
1,O1D,56,40,568009.302591,4314807.17719,0,0,100,0,0,2,0
1,O1D,58,40,568014.247614,4314803.0402,0,0,100,0,0,2,0
1,O1D,60,40,568019.192637,4314798.90321,0,0,100,0,0,2,0
1,O1D,62,40,568024.122406,4314794.77898,0,0,100,0,0,2,0
1,O1D,64,40,568029.052249,4314790.65468,0,0,100,0,0,2,0
1,O1D,66,40,568033.982092,4314786.53039,0,0,100,0,0,2,0
1,O1D,68,40,568038.911935,4314782.4061,0,0,100,0,0,2,0
1,O1D,70,40,568043.841778,4314778.28181,0,0,100,0,0,2,0
1,O1D,72,40,568048.808363,4314774.12653,0,0,100,0,0,2,0
1,O1D,74,40,568053.775047,4314769.97117,0,0,100,0,0,2,0
1,O1D,76,40,568058.741731,4314765.81581,0,0,100,0,0,2,0
1,O1D,78,40,568063.708415,4314761.66045,0,0,100,0,0,2,0
1,O1D,80,40,568068.675099,4314757.50509,0,0,100,0,0,2,0
1,O1D,82,40,568073.641783,4314753.34973,0,0,100,0,0,2,0
1,O1D,03,20,567875.531662,4314919.08954,0,0,100,0,0,2,0
1,O1D,05,20,567880.493587,4314914.93841,0,0,100,0,0,2,0
1,O1D,07,20,567885.455512,4314910.78727,0,0,100,0,0,2,0
1,O1D,09,20,567890.417437,4314906.63614,0,0,100,0,0,2,0
1,O1D,13,20,567900.341288,4314898.33388,0,0,100,0,0,2,0
1,O1D,15,20,567905.303213,4314894.18275,0,0,100,0,0,2,0
1,O1D,17,20,567910.265138,4314890.03162,0,0,100,0,0,2,0
1,O1D,19,20,567915.227063,4314885.88049,0,0,100,0,0,2,0
1,O1D,21,20,567920.188988,4314881.72935,0,0,100,0,0,2,0
1,O1D,11,20,567895.379363,4314902.48501,0,0,100,0,0,2,0
1,O1D,23,20,567925.143756,4314877.58421,0,0,100,0,0,2,0
1,O1D,25,20,567930.098806,4314873.43883,0,0,100,0,0,2,0
1,O1D,27,20,567935.053855,4314869.29345,0,0,100,0,0,2,0
1,O1D,29,20,567940.008905,4314865.14807,0,0,100,0,0,2,0
1,O1D,31,20,567944.963955,4314861.00269,0,0,100,0,0,2,0
1,O1D,33,20,567949.898311,4314856.87463,0,0,100,0,0,2,0
1,O1D,35,20,567954.832872,4314852.74639,0,0,100,0,0,2,0
1,O1D,37,20,567959.767433,4314848.61815,0,0,100,0,0,2,0
1,O1D,39,20,567964.701995,4314844.48991,0,0,100,0,0,2,0
1,O1D,41,20,567969.636556,4314840.36167,0,0,100,0,0,2,0
1,O1D,43,20,567974.601809,4314836.20776,0,0,100,0,0,2,0
1,O1D,45,20,567979.568323,4314832.05278,0,0,100,0,0,2,0
1,O1D,47,20,567984.534838,4314827.89781,0,0,100,0,0,2,0
1,O1D,49,20,567989.501353,4314823.74284,0,0,100,0,0,2,0
1,O1D,51,20,567994.467867,4314819.58787,0,0,100,0,0,2,0
1,O1D,53,20,567999.412546,4314815.45117,0,0,100,0,0,2,0
1,O1D,55,20,568004.357569,4314811.31418,0,0,100,0,0,2,0
1,O1D,57,20,568009.302591,4314807.17719,0,0,100,0,0,2,0
1,O1D,59,20,568014.247614,4314803.0402,0,0,100,0,0,2,0
1,O1D,61,20,568019.192637,4314798.90321,0,0,100,0,0,2,0
1,O1D,63,20,568024.122406,4314794.77898,0,0,100,0,0,2,0
1,O1D,65,20,568029.052249,4314790.65468,0,0,100,0,0,2,0
1,O1D,67,20,568033.982092,4314786.53039,0,0,100,0,0,2,0
1,O1D,69,20,568038.911935,4314782.4061,0,0,100,0,0,2,0
1,O1D,71,20,568043.841778,4314778.28181,0,0,100,0,0,2,0
1,O1D,73,20,568048.808363,4314774.12653,0,0,100,0,0,2,0
1,O1D,75,20,568053.775047,4314769.97117,0,0,100,0,0,2,0
1,O1D,77,20,568058.741731,4314765.81581,0,0,100,0,0,2,0
1,O1D,79,20,568063.708415,4314761.66045,0,0,100,0,0,2,0
1,O1D,81,20,568068.675099,4314757.50509,0,0,100,0,0,2,0
1,O1D,83,20,568073.641783,4314753.34973,0,0,100,0,0,2,0
1,O1D,03,21,567879.7501,4314915.5604,0,0,100,0,0,2,0
1,O1D,05,21,567884.712026,4314911.40927,0,0,100,0,0,2,0
1,O1D,07,21,567889.673951,4314907.25814,0,0,100,0,0,2,0
1,O1D,09,21,567894.635876,4314903.10701,0,0,100,0,0,2,0
1,O1D,13,21,567904.559726,4314894.80475,0,0,100,0,0,2,0
1,O1D,15,21,567909.521651,4314890.65362,0,0,100,0,0,2,0
1,O1D,17,21,567914.483576,4314886.50248,0,0,100,0,0,2,0
1,O1D,19,21,567919.445502,4314882.35135,0,0,100,0,0,2,0
1,O1D,21,21,567924.407427,4314878.20022,0,0,100,0,0,2,0
1,O1D,11,21,567899.597801,4314898.95588,0,0,100,0,0,2,0
1,O1D,23,21,567929.362194,4314874.05508,0,0,100,0,0,2,0
1,O1D,25,21,567934.317244,4314869.9097,0,0,100,0,0,2,0
1,O1D,27,21,567939.272294,4314865.76432,0,0,100,0,0,2,0
1,O1D,29,21,567944.227343,4314861.61894,0,0,100,0,0,2,0
1,O1D,31,21,567949.182393,4314857.47356,0,0,100,0,0,2,0
1,O1D,33,21,567954.116749,4314853.34549,0,0,100,0,0,2,0
1,O1D,35,21,567959.051311,4314849.21725,0,0,100,0,0,2,0
1,O1D,37,21,567963.985872,4314845.08902,0,0,100,0,0,2,0
1,O1D,39,21,567968.920433,4314840.96078,0,0,100,0,0,2,0
1,O1D,41,21,567973.854994,4314836.83254,0,0,100,0,0,2,0
1,O1D,43,21,567978.820247,4314832.67862,0,0,100,0,0,2,0
1,O1D,45,21,567983.786762,4314828.52365,0,0,100,0,0,2,0
1,O1D,47,21,567988.753276,4314824.36868,0,0,100,0,0,2,0
1,O1D,49,21,567993.719791,4314820.21371,0,0,100,0,0,2,0
1,O1D,51,21,567998.686306,4314816.05874,0,0,100,0,0,2,0
1,O1D,53,21,568003.630984,4314811.92204,0,0,100,0,0,2,0
1,O1D,55,21,568008.576007,4314807.78505,0,0,100,0,0,2,0
1,O1D,57,21,568013.52103,4314803.64805,0,0,100,0,0,2,0
1,O1D,59,21,568018.466053,4314799.51106,0,0,100,0,0,2,0
1,O1D,61,21,568023.411075,4314795.37407,0,0,100,0,0,2,0
1,O1D,63,21,568028.340844,4314791.24984,0,0,100,0,0,2,0
1,O1D,65,21,568033.270687,4314787.12555,0,0,100,0,0,2,0
1,O1D,67,21,568038.20053,4314783.00126,0,0,100,0,0,2,0
1,O1D,69,21,568043.130373,4314778.87697,0,0,100,0,0,2,0
1,O1D,71,21,568048.060216,4314774.75268,0,0,100,0,0,2,0
1,O1D,73,21,568053.026924,4314770.59755,0,0,100,0,0,2,0
1,O1D,75,21,568057.993729,4314766.44233,0,0,100,0,0,2,0
1,O1D,77,21,568062.960535,4314762.28712,0,0,100,0,0,2,0
1,O1D,79,21,568067.936395,4314758.14347,0,0,100,0,0,2,0
1,O1D,81,21,568072.882631,4314753.96481,0,0,100,0,0,2,0
1,O1D,83,21,568077.835905,4314749.79248,0,0,100,0,0,2,0
1,O2D,02,40,567838.709709,4314874.98599,0,0,101,0,0,2,0
1,O2D,04,40,567843.667434,4314870.83257,0,0,101,0,0,2,0
1,O2D,06,40,567848.625159,4314866.67916,0,0,101,0,0,2,0
1,O2D,08,40,567853.582884,4314862.52574,0,0,101,0,0,2,0
1,O2D,12,40,567863.498335,4314854.21891,0,0,101,0,0,2,0
1,O2D,14,40,567868.45606,4314850.06549,0,0,101,0,0,2,0
1,O2D,16,40,567873.413785,4314845.91208,0,0,101,0,0,2,0
1,O2D,18,40,567878.37151,4314841.75866,0,0,101,0,0,2,0
1,O2D,20,40,567883.329236,4314837.60524,0,0,101,0,0,2,0
1,O2D,10,40,567858.540609,4314858.37232,0,0,101,0,0,2,0
1,O2D,22,40,567888.264609,4314833.47055,0,0,101,0,0,2,0
1,O2D,24,40,567893.199984,4314829.33586,0,0,101,0,0,2,0
1,O2D,26,40,567898.135359,4314825.20117,0,0,101,0,0,2,0
1,O2D,28,40,567903.070734,4314821.06648,0,0,101,0,0,2,0
1,O2D,30,40,567908.006109,4314816.93179,0,0,101,0,0,2,0
1,O2D,32,40,567912.971038,4314812.77234,0,0,101,0,0,2,0
1,O2D,34,40,567917.93608,4314808.61279,0,0,101,0,0,2,0
1,O2D,36,40,567922.901122,4314804.45325,0,0,101,0,0,2,0
1,O2D,38,40,567927.866164,4314800.2937,0,0,101,0,0,2,0
1,O2D,40,40,567932.831206,4314796.13415,0,0,101,0,0,2,0
1,O2D,42,40,567937.792828,4314791.97747,0,0,101,0,0,2,0
1,O2D,44,40,567942.75452,4314787.82073,0,0,101,0,0,2,0
1,O2D,46,40,567947.716211,4314783.664,0,0,101,0,0,2,0
1,O2D,48,40,567952.677902,4314779.50726,0,0,101,0,0,2,0
1,O2D,50,40,567957.639593,4314775.35052,0,0,101,0,0,2,0
1,O2D,52,40,567962.580402,4314771.21128,0,0,101,0,0,2,0
1,O2D,54,40,567967.521372,4314767.0719,0,0,101,0,0,2,0
1,O2D,56,40,567972.462342,4314762.93252,0,0,101,0,0,2,0
1,O2D,58,40,567977.403313,4314758.79314,0,0,101,0,0,2,0
1,O2D,60,40,567982.344283,4314754.65376,0,0,101,0,0,2,0
1,O2D,62,40,567987.268095,4314750.52875,0,0,101,0,0,2,0
1,O2D,64,40,567992.192,4314746.40367,0,0,101,0,0,2,0
1,O2D,66,40,567997.115904,4314742.27859,0,0,101,0,0,2,0
1,O2D,68,40,568002.039809,4314738.15351,0,0,101,0,0,2,0
1,O2D,70,40,568006.963714,4314734.02843,0,0,101,0,0,2,0
1,O2D,72,40,568011.916382,4314729.87925,0,0,101,0,0,2,0
1,O2D,74,40,568016.869563,4314725.72964,0,0,101,0,0,2,0
1,O2D,76,40,568021.822744,4314721.58003,0,0,101,0,0,2,0
1,O2D,78,40,568026.775925,4314717.43042,0,0,101,0,0,2,0
1,O2D,80,40,568031.729105,4314713.28081,0,0,101,0,0,2,0
1,O2D,82,40,568036.682286,4314709.1312,0,0,101,0,0,2,0
1,O2D,03,20,567838.709709,4314874.98599,0,0,101,0,0,2,0
1,O2D,05,20,567843.667434,4314870.83257,0,0,101,0,0,2,0
1,O2D,07,20,567848.625159,4314866.67916,0,0,101,0,0,2,0
1,O2D,09,20,567853.582884,4314862.52574,0,0,101,0,0,2,0
1,O2D,13,20,567863.498335,4314854.21891,0,0,101,0,0,2,0
1,O2D,15,20,567868.45606,4314850.06549,0,0,101,0,0,2,0
1,O2D,17,20,567873.413785,4314845.91208,0,0,101,0,0,2,0
1,O2D,19,20,567878.37151,4314841.75866,0,0,101,0,0,2,0
1,O2D,21,20,567883.329236,4314837.60524,0,0,101,0,0,2,0
1,O2D,11,20,567858.540609,4314858.37232,0,0,101,0,0,2,0
1,O2D,23,20,567888.264609,4314833.47055,0,0,101,0,0,2,0
1,O2D,25,20,567893.199984,4314829.33586,0,0,101,0,0,2,0
1,O2D,27,20,567898.135359,4314825.20117,0,0,101,0,0,2,0
1,O2D,29,20,567903.070734,4314821.06648,0,0,101,0,0,2,0
1,O2D,31,20,567908.006109,4314816.93179,0,0,101,0,0,2,0
1,O2D,33,20,567912.971038,4314812.77234,0,0,101,0,0,2,0
1,O2D,35,20,567917.93608,4314808.61279,0,0,101,0,0,2,0
1,O2D,37,20,567922.901122,4314804.45325,0,0,101,0,0,2,0
1,O2D,39,20,567927.866164,4314800.2937,0,0,101,0,0,2,0
1,O2D,41,20,567932.831206,4314796.13415,0,0,101,0,0,2,0
1,O2D,43,20,567937.792828,4314791.97747,0,0,101,0,0,2,0
1,O2D,45,20,567942.75452,4314787.82073,0,0,101,0,0,2,0
1,O2D,47,20,567947.716211,4314783.664,0,0,101,0,0,2,0
1,O2D,49,20,567952.677902,4314779.50726,0,0,101,0,0,2,0
1,O2D,51,20,567957.639593,4314775.35052,0,0,101,0,0,2,0
1,O2D,53,20,567962.580402,4314771.21128,0,0,101,0,0,2,0
1,O2D,55,20,567967.521372,4314767.0719,0,0,101,0,0,2,0
1,O2D,57,20,567972.462342,4314762.93252,0,0,101,0,0,2,0
1,O2D,59,20,567977.403313,4314758.79314,0,0,101,0,0,2,0
1,O2D,61,20,567982.344283,4314754.65376,0,0,101,0,0,2,0
1,O2D,63,20,567987.268095,4314750.52875,0,0,101,0,0,2,0
1,O2D,65,20,567992.192,4314746.40367,0,0,101,0,0,2,0
1,O2D,67,20,567997.115904,4314742.27859,0,0,101,0,0,2,0
1,O2D,69,20,568002.039809,4314738.15351,0,0,101,0,0,2,0
1,O2D,71,20,568006.963714,4314734.02843,0,0,101,0,0,2,0
1,O2D,73,20,568011.916382,4314729.87925,0,0,101,0,0,2,0
1,O2D,75,20,568016.869563,4314725.72964,0,0,101,0,0,2,0
1,O2D,77,20,568021.822744,4314721.58003,0,0,101,0,0,2,0
1,O2D,79,20,568026.775925,4314717.43042,0,0,101,0,0,2,0
1,O2D,81,20,568031.729105,4314713.28081,0,0,101,0,0,2,0
1,O2D,83,20,568036.682286,4314709.1312,0,0,101,0,0,2,0
1,O2D,03,21,567842.925719,4314871.45396,0,0,101,0,0,2,0
1,O2D,05,21,567847.883445,4314867.30054,0,0,101,0,0,2,0
1,O2D,07,21,567852.84117,4314863.14712,0,0,101,0,0,2,0
1,O2D,09,21,567857.798895,4314858.99371,0,0,101,0,0,2,0
1,O2D,13,21,567867.714345,4314850.68688,0,0,101,0,0,2,0
1,O2D,15,21,567872.672071,4314846.53346,0,0,101,0,0,2,0
1,O2D,17,21,567877.629796,4314842.38004,0,0,101,0,0,2,0
1,O2D,19,21,567882.587521,4314838.22663,0,0,101,0,0,2,0
1,O2D,21,21,567887.545246,4314834.07321,0,0,101,0,0,2,0
1,O2D,11,21,567862.75662,4314854.84029,0,0,101,0,0,2,0
1,O2D,23,21,567892.48062,4314829.93852,0,0,101,0,0,2,0
1,O2D,25,21,567897.415995,4314825.80383,0,0,101,0,0,2,0
1,O2D,27,21,567902.35137,4314821.66914,0,0,101,0,0,2,0
1,O2D,29,21,567907.286745,4314817.53445,0,0,101,0,0,2,0
1,O2D,31,21,567912.22212,4314813.39976,0,0,101,0,0,2,0
1,O2D,33,21,567917.187048,4314809.2403,0,0,101,0,0,2,0
1,O2D,35,21,567922.15209,4314805.08076,0,0,101,0,0,2,0
1,O2D,37,21,567927.117133,4314800.92121,0,0,101,0,0,2,0
1,O2D,39,21,567932.082175,4314796.76167,0,0,101,0,0,2,0
1,O2D,41,21,567937.047217,4314792.60212,0,0,101,0,0,2,0
1,O2D,43,21,567942.008839,4314788.44544,0,0,101,0,0,2,0
1,O2D,45,21,567946.97053,4314784.2887,0,0,101,0,0,2,0
1,O2D,47,21,567951.932222,4314780.13196,0,0,101,0,0,2,0
1,O2D,49,21,567956.893913,4314775.97523,0,0,101,0,0,2,0
1,O2D,51,21,567961.855604,4314771.81849,0,0,101,0,0,2,0
1,O2D,53,21,567966.796413,4314767.67924,0,0,101,0,0,2,0
1,O2D,55,21,567971.737383,4314763.53986,0,0,101,0,0,2,0
1,O2D,57,21,567976.678353,4314759.40048,0,0,101,0,0,2,0
1,O2D,59,21,567981.619323,4314755.26111,0,0,101,0,0,2,0
1,O2D,61,21,567986.560294,4314751.12173,0,0,101,0,0,2,0
1,O2D,63,21,567991.484106,4314746.99672,0,0,101,0,0,2,0
1,O2D,65,21,567996.408011,4314742.87164,0,0,101,0,0,2,0
1,O2D,67,21,568001.331915,4314738.74656,0,0,101,0,0,2,0
1,O2D,69,21,568006.25582,4314734.62148,0,0,101,0,0,2,0
1,O2D,71,21,568011.179724,4314730.49639,0,0,101,0,0,2,0
1,O2D,73,21,568016.132393,4314726.34721,0,0,101,0,0,2,0
1,O2D,75,21,568021.085574,4314722.1976,0,0,101,0,0,2,0
1,O2D,77,21,568026.038754,4314718.048,0,0,101,0,0,2,0
1,O2D,79,21,568030.991935,4314713.89839,0,0,101,0,0,2,0
1,O2D,81,21,568035.945116,4314709.74878,0,0,101,0,0,2,0
1,O2D,83,21,568040.884099,4314705.595,0,0,101,0,0,2,0
1,O3D,02,40,567824.209937,4314857.78195,0,0,102,0,0,2,0
1,O3D,04,40,567829.189935,4314853.61369,0,0,102,0,0,2,0
1,O3D,06,40,567834.169934,4314849.44543,0,0,102,0,0,2,0
1,O3D,08,40,567839.149932,4314845.27717,0,0,102,0,0,2,0
1,O3D,12,40,567849.109928,4314836.94065,0,0,102,0,0,2,0
1,O3D,14,40,567854.089926,4314832.77238,0,0,102,0,0,2,0
1,O3D,16,40,567859.069924,4314828.60412,0,0,102,0,0,2,0
1,O3D,18,40,567864.049922,4314824.43586,0,0,102,0,0,2,0
1,O3D,20,40,567869.029921,4314820.2676,0,0,102,0,0,2,0
1,O3D,10,40,567844.12993,4314841.10891,0,0,102,0,0,2,0
1,O3D,22,40,567873.953099,4314816.1469,0,0,102,0,0,2,0
1,O3D,24,40,567878.876347,4314812.02613,0,0,102,0,0,2,0
1,O3D,26,40,567883.799594,4314807.90537,0,0,102,0,0,2,0
1,O3D,28,40,567888.722842,4314803.78461,0,0,102,0,0,2,0
1,O3D,30,40,567893.646089,4314799.66385,0,0,102,0,0,2,0
1,O3D,32,40,567898.608642,4314795.51019,0,0,102,0,0,2,0
1,O3D,34,40,567903.571201,4314791.35653,0,0,102,0,0,2,0
1,O3D,36,40,567908.53376,4314787.20286,0,0,102,0,0,2,0
1,O3D,38,40,567913.496318,4314783.0492,0,0,102,0,0,2,0
1,O3D,40,40,567918.458877,4314778.89553,0,0,102,0,0,2,0
1,O3D,42,40,567923.398586,4314774.76099,0,0,102,0,0,2,0
1,O3D,44,40,567928.338401,4314770.62636,0,0,102,0,0,2,0
1,O3D,46,40,567933.278215,4314766.49174,0,0,102,0,0,2,0
1,O3D,48,40,567938.21803,4314762.35711,0,0,102,0,0,2,0
1,O3D,50,40,567943.157845,4314758.22248,0,0,102,0,0,2,0
1,O3D,52,40,567948.106719,4314754.08027,0,0,102,0,0,2,0
1,O3D,54,40,567953.055603,4314749.93805,0,0,102,0,0,2,0
1,O3D,56,40,567958.004488,4314745.79583,0,0,102,0,0,2,0
1,O3D,58,40,567962.953372,4314741.65361,0,0,102,0,0,2,0
1,O3D,60,40,567967.902256,4314737.51139,0,0,102,0,0,2,0
1,O3D,62,40,567972.814417,4314733.39991,0,0,102,0,0,2,0
1,O3D,64,40,567977.72665,4314729.28837,0,0,102,0,0,2,0
1,O3D,66,40,567982.638884,4314725.17683,0,0,102,0,0,2,0
1,O3D,68,40,567987.551117,4314721.06528,0,0,102,0,0,2,0
1,O3D,70,40,567992.46335,4314716.95374,0,0,102,0,0,2,0
1,O3D,72,40,567997.474149,4314712.7597,0,0,102,0,0,2,0
1,O3D,74,40,568002.484967,4314708.56564,0,0,102,0,0,2,0
1,O3D,76,40,568007.495784,4314704.37158,0,0,102,0,0,2,0
1,O3D,78,40,568012.506601,4314700.17753,0,0,102,0,0,2,0
1,O3D,80,40,568017.517419,4314695.98347,0,0,102,0,0,2,0
1,O3D,82,40,568022.528236,4314691.78941,0,0,102,0,0,2,0
1,O3D,03,20,567824.209937,4314857.78195,0,0,102,0,0,2,0
1,O3D,05,20,567829.189935,4314853.61369,0,0,102,0,0,2,0
1,O3D,07,20,567834.169934,4314849.44543,0,0,102,0,0,2,0
1,O3D,09,20,567839.149932,4314845.27717,0,0,102,0,0,2,0
1,O3D,13,20,567849.109928,4314836.94065,0,0,102,0,0,2,0
1,O3D,15,20,567854.089926,4314832.77238,0,0,102,0,0,2,0
1,O3D,17,20,567859.069924,4314828.60412,0,0,102,0,0,2,0
1,O3D,19,20,567864.049922,4314824.43586,0,0,102,0,0,2,0
1,O3D,21,20,567869.029921,4314820.2676,0,0,102,0,0,2,0
1,O3D,11,20,567844.12993,4314841.10891,0,0,102,0,0,2,0
1,O3D,23,20,567873.953099,4314816.1469,0,0,102,0,0,2,0
1,O3D,25,20,567878.876347,4314812.02613,0,0,102,0,0,2,0
1,O3D,27,20,567883.799594,4314807.90537,0,0,102,0,0,2,0
1,O3D,29,20,567888.722842,4314803.78461,0,0,102,0,0,2,0
1,O3D,31,20,567893.646089,4314799.66385,0,0,102,0,0,2,0
1,O3D,33,20,567898.608642,4314795.51019,0,0,102,0,0,2,0
1,O3D,35,20,567903.571201,4314791.35653,0,0,102,0,0,2,0
1,O3D,37,20,567908.53376,4314787.20286,0,0,102,0,0,2,0
1,O3D,39,20,567913.496318,4314783.0492,0,0,102,0,0,2,0
1,O3D,41,20,567918.458877,4314778.89553,0,0,102,0,0,2,0
1,O3D,43,20,567923.398586,4314774.76099,0,0,102,0,0,2,0
1,O3D,45,20,567928.338401,4314770.62636,0,0,102,0,0,2,0
1,O3D,47,20,567933.278215,4314766.49174,0,0,102,0,0,2,0
1,O3D,49,20,567938.21803,4314762.35711,0,0,102,0,0,2,0
1,O3D,51,20,567943.157845,4314758.22248,0,0,102,0,0,2,0
1,O3D,53,20,567948.106719,4314754.08027,0,0,102,0,0,2,0
1,O3D,55,20,567953.055603,4314749.93805,0,0,102,0,0,2,0
1,O3D,57,20,567958.004488,4314745.79583,0,0,102,0,0,2,0
1,O3D,59,20,567962.953372,4314741.65361,0,0,102,0,0,2,0
1,O3D,61,20,567967.902256,4314737.51139,0,0,102,0,0,2,0
1,O3D,63,20,567972.814417,4314733.39991,0,0,102,0,0,2,0
1,O3D,65,20,567977.72665,4314729.28837,0,0,102,0,0,2,0
1,O3D,67,20,567982.638884,4314725.17683,0,0,102,0,0,2,0
1,O3D,69,20,567987.551117,4314721.06528,0,0,102,0,0,2,0
1,O3D,71,20,567992.46335,4314716.95374,0,0,102,0,0,2,0
1,O3D,73,20,567997.474149,4314712.7597,0,0,102,0,0,2,0
1,O3D,75,20,568002.484967,4314708.56564,0,0,102,0,0,2,0
1,O3D,77,20,568007.495784,4314704.37158,0,0,102,0,0,2,0
1,O3D,79,20,568012.506601,4314700.17753,0,0,102,0,0,2,0
1,O3D,81,20,568017.517419,4314695.98347,0,0,102,0,0,2,0
1,O3D,83,20,568022.528236,4314691.78941,0,0,102,0,0,2,0
1,O3D,03,21,567828.427538,4314854.25182,0,0,102,0,0,2,0
1,O3D,05,21,567833.407536,4314850.08356,0,0,102,0,0,2,0
1,O3D,07,21,567838.387534,4314845.9153,0,0,102,0,0,2,0
1,O3D,09,21,567843.367532,4314841.74703,0,0,102,0,0,2,0
1,O3D,13,21,567853.327528,4314833.41051,0,0,102,0,0,2,0
1,O3D,15,21,567858.307527,4314829.24225,0,0,102,0,0,2,0
1,O3D,17,21,567863.287525,4314825.07399,0,0,102,0,0,2,0
1,O3D,19,21,567868.267523,4314820.90573,0,0,102,0,0,2,0
1,O3D,21,21,567873.247521,4314816.73746,0,0,102,0,0,2,0
1,O3D,11,21,567848.34753,4314837.57877,0,0,102,0,0,2,0
1,O3D,23,21,567878.1707,4314812.61676,0,0,102,0,0,2,0
1,O3D,25,21,567883.093947,4314808.496,0,0,102,0,0,2,0
1,O3D,27,21,567888.017195,4314804.37524,0,0,102,0,0,2,0
1,O3D,29,21,567892.940442,4314800.25448,0,0,102,0,0,2,0
1,O3D,31,21,567897.86369,4314796.13372,0,0,102,0,0,2,0
1,O3D,33,21,567902.826243,4314791.98006,0,0,102,0,0,2,0
1,O3D,35,21,567907.788801,4314787.82639,0,0,102,0,0,2,0
1,O3D,37,21,567912.75136,4314783.67273,0,0,102,0,0,2,0
1,O3D,39,21,567917.713919,4314779.51906,0,0,102,0,0,2,0
1,O3D,41,21,567922.676477,4314775.3654,0,0,102,0,0,2,0
1,O3D,43,21,567927.616186,4314771.23086,0,0,102,0,0,2,0
1,O3D,45,21,567932.556001,4314767.09623,0,0,102,0,0,2,0
1,O3D,47,21,567937.495816,4314762.9616,0,0,102,0,0,2,0
1,O3D,49,21,567942.435631,4314758.82697,0,0,102,0,0,2,0
1,O3D,51,21,567947.375446,4314754.69235,0,0,102,0,0,2,0
1,O3D,53,21,567952.324319,4314750.55014,0,0,102,0,0,2,0
1,O3D,55,21,567957.273204,4314746.40792,0,0,102,0,0,2,0
1,O3D,57,21,567962.222088,4314742.2657,0,0,102,0,0,2,0
1,O3D,59,21,567967.170972,4314738.12348,0,0,102,0,0,2,0
1,O3D,61,21,567972.119857,4314733.98126,0,0,102,0,0,2,0
1,O3D,63,21,567977.032017,4314729.86978,0,0,102,0,0,2,0
1,O3D,65,21,567981.944251,4314725.75823,0,0,102,0,0,2,0
1,O3D,67,21,567986.856484,4314721.64669,0,0,102,0,0,2,0
1,O3D,69,21,567991.768717,4314717.53515,0,0,102,0,0,2,0
1,O3D,71,21,567996.680951,4314713.42361,0,0,102,0,0,2,0
1,O3D,73,21,568001.69175,4314709.22957,0,0,102,0,0,2,0
1,O3D,75,21,568006.702567,4314705.03551,0,0,102,0,0,2,0
1,O3D,77,21,568011.713384,4314700.84145,0,0,102,0,0,2,0
1,O3D,79,21,568016.724202,4314696.64739,0,0,102,0,0,2,0
1,O3D,81,21,568021.735019,4314692.45334,0,0,102,0,0,2,0
1,O3D,83,21,568026.59061,4314688.08621,0,0,102,0,0,2,0
1,O4D,02,40,567789.286165,4314816.18099,0,0,103,0,0,2,0
1,O4D,04,40,567794.256216,4314812.02219,0,0,103,0,0,2,0
1,O4D,06,40,567799.226266,4314807.8634,0,0,103,0,0,2,0
1,O4D,08,40,567804.196316,4314803.7046,0,0,103,0,0,2,0
1,O4D,12,40,567814.136416,4314795.38701,0,0,103,0,0,2,0
1,O4D,14,40,567819.106466,4314791.22822,0,0,103,0,0,2,0
1,O4D,16,40,567824.076516,4314787.06942,0,0,103,0,0,2,0
1,O4D,18,40,567829.046566,4314782.91063,0,0,103,0,0,2,0
1,O4D,20,40,567834.016616,4314778.75183,0,0,103,0,0,2,0
1,O4D,10,40,567809.166366,4314799.54581,0,0,103,0,0,2,0
1,O4D,22,40,567838.944587,4314774.62825,0,0,103,0,0,2,0
1,O4D,24,40,567843.873313,4314770.50403,0,0,103,0,0,2,0
1,O4D,26,40,567848.802039,4314766.37982,0,0,103,0,0,2,0
1,O4D,28,40,567853.730765,4314762.2556,0,0,103,0,0,2,0
1,O4D,30,40,567858.659491,4314758.13138,0,0,103,0,0,2,0
1,O4D,32,40,567863.646205,4314753.95864,0,0,103,0,0,2,0
1,O4D,34,40,567868.634018,4314749.78499,0,0,103,0,0,2,0
1,O4D,36,40,567873.62183,4314745.61133,0,0,103,0,0,2,0
1,O4D,38,40,567878.609643,4314741.43767,0,0,103,0,0,2,0
1,O4D,40,40,567883.597456,4314737.26401,0,0,103,0,0,2,0
1,O4D,42,40,567888.52853,4314733.13783,0,0,103,0,0,2,0
1,O4D,44,40,567893.461681,4314729.00991,0,0,103,0,0,2,0
1,O4D,46,40,567898.394831,4314724.88199,0,0,103,0,0,2,0
1,O4D,48,40,567903.327982,4314720.75407,0,0,103,0,0,2,0
1,O4D,50,40,567908.261133,4314716.62615,0,0,103,0,0,2,0
1,O4D,52,40,567913.213124,4314712.48247,0,0,103,0,0,2,0
1,O4D,54,40,567918.16663,4314708.33752,0,0,103,0,0,2,0
1,O4D,56,40,567923.120137,4314704.19257,0,0,103,0,0,2,0
1,O4D,58,40,567928.073644,4314700.04761,0,0,103,0,0,2,0
1,O4D,60,40,567933.027151,4314695.90266,0,0,103,0,0,2,0
1,O4D,62,40,567937.971705,4314691.7652,0,0,103,0,0,2,0
1,O4D,64,40,567942.917119,4314687.62702,0,0,103,0,0,2,0
1,O4D,66,40,567947.862534,4314683.48884,0,0,103,0,0,2,0
1,O4D,68,40,567952.807948,4314679.35066,0,0,103,0,0,2,0
1,O4D,70,40,567957.753363,4314675.21248,0,0,103,0,0,2,0
1,O4D,72,40,567962.682528,4314671.08789,0,0,103,0,0,2,0
1,O4D,74,40,567967.613857,4314666.9615,0,0,103,0,0,2,0
1,O4D,76,40,567972.545186,4314662.83511,0,0,103,0,0,2,0
1,O4D,78,40,567977.476515,4314658.70871,0,0,103,0,0,2,0
1,O4D,80,40,567982.407844,4314654.58232,0,0,103,0,0,2,0
1,O4D,82,40,567987.339173,4314650.45592,0,0,103,0,0,2,0
1,O4D,03,20,567789.286165,4314816.18099,0,0,103,0,0,2,0
1,O4D,05,20,567794.256216,4314812.02219,0,0,103,0,0,2,0
1,O4D,07,20,567799.226266,4314807.8634,0,0,103,0,0,2,0
1,O4D,09,20,567804.196316,4314803.7046,0,0,103,0,0,2,0
1,O4D,13,20,567814.136416,4314795.38701,0,0,103,0,0,2,0
1,O4D,15,20,567819.106466,4314791.22822,0,0,103,0,0,2,0
1,O4D,17,20,567824.076516,4314787.06942,0,0,103,0,0,2,0
1,O4D,19,20,567829.046566,4314782.91063,0,0,103,0,0,2,0
1,O4D,21,20,567834.016616,4314778.75183,0,0,103,0,0,2,0
1,O4D,11,20,567809.166366,4314799.54581,0,0,103,0,0,2,0
1,O4D,23,20,567838.944587,4314774.62825,0,0,103,0,0,2,0
1,O4D,25,20,567843.873313,4314770.50403,0,0,103,0,0,2,0
1,O4D,27,20,567848.802039,4314766.37982,0,0,103,0,0,2,0
1,O4D,29,20,567853.730765,4314762.2556,0,0,103,0,0,2,0
1,O4D,31,20,567858.659491,4314758.13138,0,0,103,0,0,2,0
1,O4D,33,20,567863.646205,4314753.95864,0,0,103,0,0,2,0
1,O4D,35,20,567868.634018,4314749.78499,0,0,103,0,0,2,0
1,O4D,37,20,567873.62183,4314745.61133,0,0,103,0,0,2,0
1,O4D,39,20,567878.609643,4314741.43767,0,0,103,0,0,2,0
1,O4D,41,20,567883.597456,4314737.26401,0,0,103,0,0,2,0
1,O4D,43,20,567888.52853,4314733.13783,0,0,103,0,0,2,0
1,O4D,45,20,567893.461681,4314729.00991,0,0,103,0,0,2,0
1,O4D,47,20,567898.394831,4314724.88199,0,0,103,0,0,2,0
1,O4D,49,20,567903.327982,4314720.75407,0,0,103,0,0,2,0
1,O4D,51,20,567908.261133,4314716.62615,0,0,103,0,0,2,0
1,O4D,53,20,567913.213124,4314712.48247,0,0,103,0,0,2,0
1,O4D,55,20,567918.16663,4314708.33752,0,0,103,0,0,2,0
1,O4D,57,20,567923.120137,4314704.19257,0,0,103,0,0,2,0
1,O4D,59,20,567928.073644,4314700.04761,0,0,103,0,0,2,0
1,O4D,61,20,567933.027151,4314695.90266,0,0,103,0,0,2,0
1,O4D,63,20,567937.971705,4314691.7652,0,0,103,0,0,2,0
1,O4D,65,20,567942.917119,4314687.62702,0,0,103,0,0,2,0
1,O4D,67,20,567947.862534,4314683.48884,0,0,103,0,0,2,0
1,O4D,69,20,567952.807948,4314679.35066,0,0,103,0,0,2,0
1,O4D,71,20,567957.753363,4314675.21248,0,0,103,0,0,2,0
1,O4D,73,20,567962.682528,4314671.08789,0,0,103,0,0,2,0
1,O4D,75,20,567967.613857,4314666.9615,0,0,103,0,0,2,0
1,O4D,77,20,567972.545186,4314662.83511,0,0,103,0,0,2,0
1,O4D,79,20,567977.476515,4314658.70871,0,0,103,0,0,2,0
1,O4D,81,20,567982.407844,4314654.58232,0,0,103,0,0,2,0
1,O4D,83,20,567987.339173,4314650.45592,0,0,103,0,0,2,0
1,O4D,03,21,567793.504242,4314812.65142,0,0,103,0,0,2,0
1,O4D,05,21,567798.474292,4314808.49263,0,0,103,0,0,2,0
1,O4D,07,21,567803.444342,4314804.33383,0,0,103,0,0,2,0
1,O4D,09,21,567808.414392,4314800.17504,0,0,103,0,0,2,0
1,O4D,13,21,567818.354492,4314791.85745,0,0,103,0,0,2,0
1,O4D,15,21,567823.324543,4314787.69865,0,0,103,0,0,2,0
1,O4D,17,21,567828.294593,4314783.53986,0,0,103,0,0,2,0
1,O4D,19,21,567833.264643,4314779.38106,0,0,103,0,0,2,0
1,O4D,21,21,567838.234693,4314775.22227,0,0,103,0,0,2,0
1,O4D,11,21,567813.384442,4314796.01624,0,0,103,0,0,2,0
1,O4D,23,21,567843.162664,4314771.09868,0,0,103,0,0,2,0
1,O4D,25,21,567848.09139,4314766.97447,0,0,103,0,0,2,0
1,O4D,27,21,567853.020116,4314762.85025,0,0,103,0,0,2,0
1,O4D,29,21,567857.948842,4314758.72603,0,0,103,0,0,2,0
1,O4D,31,21,567862.877568,4314754.60182,0,0,103,0,0,2,0
1,O4D,33,21,567867.864281,4314750.42908,0,0,103,0,0,2,0
1,O4D,35,21,567872.852094,4314746.25542,0,0,103,0,0,2,0
1,O4D,37,21,567877.839907,4314742.08176,0,0,103,0,0,2,0
1,O4D,39,21,567882.82772,4314737.9081,0,0,103,0,0,2,0
1,O4D,41,21,567887.815532,4314733.73445,0,0,103,0,0,2,0
1,O4D,43,21,567892.746606,4314729.60826,0,0,103,0,0,2,0
1,O4D,45,21,567897.679757,4314725.48035,0,0,103,0,0,2,0
1,O4D,47,21,567902.612908,4314721.35243,0,0,103,0,0,2,0
1,O4D,49,21,567907.546059,4314717.22451,0,0,103,0,0,2,0
1,O4D,51,21,567912.479209,4314713.09659,0,0,103,0,0,2,0
1,O4D,53,21,567917.4312,4314708.95291,0,0,103,0,0,2,0
1,O4D,55,21,567922.384707,4314704.80795,0,0,103,0,0,2,0
1,O4D,57,21,567927.338214,4314700.663,0,0,103,0,0,2,0
1,O4D,59,21,567932.291721,4314696.51805,0,0,103,0,0,2,0
1,O4D,61,21,567937.245228,4314692.3731,0,0,103,0,0,2,0
1,O4D,63,21,567942.189781,4314688.23564,0,0,103,0,0,2,0
1,O4D,65,21,567947.135196,4314684.09746,0,0,103,0,0,2,0
1,O4D,67,21,567952.08061,4314679.95928,0,0,103,0,0,2,0
1,O4D,69,21,567957.026025,4314675.82109,0,0,103,0,0,2,0
1,O4D,71,21,567961.971439,4314671.68291,0,0,103,0,0,2,0
1,O4D,73,21,567966.900605,4314667.55833,0,0,103,0,0,2,0
1,O4D,75,21,567971.831934,4314663.43194,0,0,103,0,0,2,0
1,O4D,77,21,567976.763263,4314659.30554,0,0,103,0,0,2,0
1,O4D,79,21,567981.694592,4314655.17915,0,0,103,0,0,2,0
1,O4D,81,21,567986.625921,4314651.05275,0,0,103,0,0,2,0
1,O4D,83,21,567991.559758,4314646.92936,0,0,103,0,0,2,0
1,O5D,02,40,567774.950024,4314798.59346,0,0,104,0,0,2,0
1,O5D,04,40,567779.903027,4314794.44919,0,0,104,0,0,2,0
1,O5D,06,40,567784.856029,4314790.30492,0,0,104,0,0,2,0
1,O5D,08,40,567789.809031,4314786.16065,0,0,104,0,0,2,0
1,O5D,12,40,567799.715036,4314777.87211,0,0,104,0,0,2,0
1,O5D,14,40,567804.668038,4314773.72785,0,0,104,0,0,2,0
1,O5D,16,40,567809.621041,4314769.58358,0,0,104,0,0,2,0
1,O5D,18,40,567814.574043,4314765.43931,0,0,104,0,0,2,0
1,O5D,20,40,567819.527045,4314761.29504,0,0,104,0,0,2,0
1,O5D,10,40,567794.762034,4314782.01638,0,0,104,0,0,2,0
1,O5D,22,40,567824.432812,4314757.19029,0,0,104,0,0,2,0
1,O5D,24,40,567829.338597,4314753.08553,0,0,104,0,0,2,0
1,O5D,26,40,567834.244381,4314748.98077,0,0,104,0,0,2,0
1,O5D,28,40,567839.150165,4314744.87601,0,0,104,0,0,2,0
1,O5D,30,40,567844.05595,4314740.77125,0,0,104,0,0,2,0
1,O5D,32,40,567849.023801,4314736.61455,0,0,104,0,0,2,0
1,O5D,34,40,567853.992121,4314732.45747,0,0,104,0,0,2,0
1,O5D,36,40,567858.960441,4314728.30038,0,0,104,0,0,2,0
1,O5D,38,40,567863.928761,4314724.1433,0,0,104,0,0,2,0
1,O5D,40,40,567868.897081,4314719.98621,0,0,104,0,0,2,0
1,O5D,42,40,567873.823627,4314715.86408,0,0,104,0,0,2,0
1,O5D,44,40,567878.750176,4314711.74194,0,0,104,0,0,2,0
1,O5D,46,40,567883.676726,4314707.61981,0,0,104,0,0,2,0
1,O5D,48,40,567888.603275,4314703.49767,0,0,104,0,0,2,0
1,O5D,50,40,567893.529824,4314699.37553,0,0,104,0,0,2,0
1,O5D,52,40,567898.518751,4314695.20121,0,0,104,0,0,2,0
1,O5D,54,40,567903.509019,4314691.02576,0,0,104,0,0,2,0
1,O5D,56,40,567908.499288,4314686.85031,0,0,104,0,0,2,0
1,O5D,58,40,567913.489557,4314682.67485,0,0,104,0,0,2,0
1,O5D,60,40,567918.479826,4314678.4994,0,0,104,0,0,2,0
1,O5D,62,40,567923.423452,4314674.36298,0,0,104,0,0,2,0
1,O5D,64,40,567928.367435,4314670.22626,0,0,104,0,0,2,0
1,O5D,66,40,567933.311418,4314666.08953,0,0,104,0,0,2,0
1,O5D,68,40,567938.255401,4314661.95281,0,0,104,0,0,2,0
1,O5D,70,40,567943.199383,4314657.81609,0,0,104,0,0,2,0
1,O5D,72,40,567948.146083,4314653.67709,0,0,104,0,0,2,0
1,O5D,74,40,567953.093233,4314649.53772,0,0,104,0,0,2,0
1,O5D,76,40,567958.040384,4314645.39835,0,0,104,0,0,2,0
1,O5D,78,40,567962.987535,4314641.25898,0,0,104,0,0,2,0
1,O5D,80,40,567967.934685,4314637.1196,0,0,104,0,0,2,0
1,O5D,82,40,567972.881836,4314632.98023,0,0,104,0,0,2,0
1,O5D,03,20,567774.950024,4314798.59346,0,0,104,0,0,2,0
1,O5D,05,20,567779.903027,4314794.44919,0,0,104,0,0,2,0
1,O5D,07,20,567784.856029,4314790.30492,0,0,104,0,0,2,0
1,O5D,09,20,567789.809031,4314786.16065,0,0,104,0,0,2,0
1,O5D,13,20,567799.715036,4314777.87211,0,0,104,0,0,2,0
1,O5D,15,20,567804.668038,4314773.72785,0,0,104,0,0,2,0
1,O5D,17,20,567809.621041,4314769.58358,0,0,104,0,0,2,0
1,O5D,19,20,567814.574043,4314765.43931,0,0,104,0,0,2,0
1,O5D,21,20,567819.527045,4314761.29504,0,0,104,0,0,2,0
1,O5D,11,20,567794.762034,4314782.01638,0,0,104,0,0,2,0
1,O5D,23,20,567824.432812,4314757.19029,0,0,104,0,0,2,0
1,O5D,25,20,567829.338597,4314753.08553,0,0,104,0,0,2,0
1,O5D,27,20,567834.244381,4314748.98077,0,0,104,0,0,2,0
1,O5D,29,20,567839.150165,4314744.87601,0,0,104,0,0,2,0
1,O5D,31,20,567844.05595,4314740.77125,0,0,104,0,0,2,0
1,O5D,33,20,567849.023801,4314736.61455,0,0,104,0,0,2,0
1,O5D,35,20,567853.992121,4314732.45747,0,0,104,0,0,2,0
1,O5D,37,20,567858.960441,4314728.30038,0,0,104,0,0,2,0
1,O5D,39,20,567863.928761,4314724.1433,0,0,104,0,0,2,0
1,O5D,41,20,567868.897081,4314719.98621,0,0,104,0,0,2,0
1,O5D,43,20,567873.823627,4314715.86408,0,0,104,0,0,2,0
1,O5D,45,20,567878.750176,4314711.74194,0,0,104,0,0,2,0
1,O5D,47,20,567883.676726,4314707.61981,0,0,104,0,0,2,0
1,O5D,49,20,567888.603275,4314703.49767,0,0,104,0,0,2,0
1,O5D,51,20,567893.529824,4314699.37553,0,0,104,0,0,2,0
1,O5D,53,20,567898.518751,4314695.20121,0,0,104,0,0,2,0
1,O5D,55,20,567903.509019,4314691.02576,0,0,104,0,0,2,0
1,O5D,57,20,567908.499288,4314686.85031,0,0,104,0,0,2,0
1,O5D,59,20,567913.489557,4314682.67485,0,0,104,0,0,2,0
1,O5D,61,20,567918.479826,4314678.4994,0,0,104,0,0,2,0
1,O5D,63,20,567923.423452,4314674.36298,0,0,104,0,0,2,0
1,O5D,65,20,567928.367435,4314670.22626,0,0,104,0,0,2,0
1,O5D,67,20,567933.311418,4314666.08953,0,0,104,0,0,2,0
1,O5D,69,20,567938.255401,4314661.95281,0,0,104,0,0,2,0
1,O5D,71,20,567943.199383,4314657.81609,0,0,104,0,0,2,0
1,O5D,73,20,567948.146083,4314653.67709,0,0,104,0,0,2,0
1,O5D,75,20,567953.093233,4314649.53772,0,0,104,0,0,2,0
1,O5D,77,20,567958.040384,4314645.39835,0,0,104,0,0,2,0
1,O5D,79,20,567962.987535,4314641.25898,0,0,104,0,0,2,0
1,O5D,81,20,567967.934685,4314637.1196,0,0,104,0,0,2,0
1,O5D,83,20,567972.881836,4314632.98023,0,0,104,0,0,2,0
1,O5D,03,21,567779.16821,4314795.06403,0,0,104,0,0,2,0
1,O5D,05,21,567784.121213,4314790.91976,0,0,104,0,0,2,0
1,O5D,07,21,567789.074215,4314786.77549,0,0,104,0,0,2,0
1,O5D,09,21,567794.027217,4314782.63122,0,0,104,0,0,2,0
1,O5D,13,21,567803.933222,4314774.34268,0,0,104,0,0,2,0
1,O5D,15,21,567808.886224,4314770.19841,0,0,104,0,0,2,0
1,O5D,17,21,567813.839226,4314766.05414,0,0,104,0,0,2,0
1,O5D,19,21,567818.792229,4314761.90987,0,0,104,0,0,2,0
1,O5D,21,21,567823.745231,4314757.7656,0,0,104,0,0,2,0
1,O5D,11,21,567798.98022,4314778.48695,0,0,104,0,0,2,0
1,O5D,23,21,567828.650998,4314753.66086,0,0,104,0,0,2,0
1,O5D,25,21,567833.556782,4314749.5561,0,0,104,0,0,2,0
1,O5D,27,21,567838.462567,4314745.45133,0,0,104,0,0,2,0
1,O5D,29,21,567843.368351,4314741.34657,0,0,104,0,0,2,0
1,O5D,31,21,567848.274135,4314737.24181,0,0,104,0,0,2,0
1,O5D,33,21,567853.241987,4314733.08512,0,0,104,0,0,2,0
1,O5D,35,21,567858.210307,4314728.92803,0,0,104,0,0,2,0
1,O5D,37,21,567863.178627,4314724.77095,0,0,104,0,0,2,0
1,O5D,39,21,567868.146947,4314720.61386,0,0,104,0,0,2,0
1,O5D,41,21,567873.115267,4314716.45677,0,0,104,0,0,2,0
1,O5D,43,21,567878.041813,4314712.33464,0,0,104,0,0,2,0
1,O5D,45,21,567882.968362,4314708.21251,0,0,104,0,0,2,0
1,O5D,47,21,567887.894911,4314704.09037,0,0,104,0,0,2,0
1,O5D,49,21,567892.821461,4314699.96824,0,0,104,0,0,2,0
1,O5D,51,21,567897.74801,4314695.8461,0,0,104,0,0,2,0
1,O5D,53,21,567902.736936,4314691.67177,0,0,104,0,0,2,0
1,O5D,55,21,567907.727205,4314687.49632,0,0,104,0,0,2,0
1,O5D,57,21,567912.717474,4314683.32087,0,0,104,0,0,2,0
1,O5D,59,21,567917.707743,4314679.14542,0,0,104,0,0,2,0
1,O5D,61,21,567922.698011,4314674.96997,0,0,104,0,0,2,0
1,O5D,63,21,567927.641638,4314670.83355,0,0,104,0,0,2,0
1,O5D,65,21,567932.585621,4314666.69682,0,0,104,0,0,2,0
1,O5D,67,21,567937.529604,4314662.5601,0,0,104,0,0,2,0
1,O5D,69,21,567942.473586,4314658.42338,0,0,104,0,0,2,0
1,O5D,71,21,567947.417569,4314654.28666,0,0,104,0,0,2,0
1,O5D,73,21,567952.364268,4314650.14766,0,0,104,0,0,2,0
1,O5D,75,21,567957.311419,4314646.00829,0,0,104,0,0,2,0
1,O5D,77,21,567962.25857,4314641.86891,0,0,104,0,0,2,0
1,O5D,79,21,567967.20572,4314637.72954,0,0,104,0,0,2,0
1,O5D,81,21,567972.152871,4314633.59017,0,0,104,0,0,2,0
1,O5D,83,21,567976.99787,4314629.35785,0,0,104,0,0,2,0